61579268
1531909
30203911
10559502
111099924
31916053
205520921
174858265
151568411
1302555
192495645
151568414
192495646
192495648
69615641
189874215
92233769
7364657
159506483
174137402
58581054
150454335
205520968
70918216
32661578
14000202
208035912
48070735
48070736
48070740
48070744
48070748
50069601
189997166
9068662
10248315
189997186
29515908
6783111
189997198
31809679
1302672
85721232
190390421
2302113
47825058
226336930
21086373
184713383
154460332
67928237
29155501
228090031
230531255
234512583
49889481
216613067
7553230
55599311
65839311
234512593
233119951
32022741
11813090
46276838
208888045
234479854
180519151
165208315
246251772
43262209
246251779
152330501
246251781
203432199
230269196
103473422
30908689
204054802
204054805
199926038
46432533
65274139
59048221
30908705
180429102
62169390
40157487
201130286
204497202
218792242
21405999
44532018
187318583
202170679
103743804
104997184
222781769
40157516
240836941
70386000
62169430
199967065
23118173
44532061
37232991
195174754
1392995
85459302
214475112
3326320
3383665
40157554
29540728
248070522
178962812
74940800
76726658
7520653
229917070
53322127
208929170
77210006
229917079
112566695
239116715
53617071
23060915
112427446
223273405
93225416
183992777
107536842
6668747
118055372
24519118
8937935
43786703
223150546
216908246
15057369
197796314
168722914
205513188
7471589
5349864
7135722
33907179
105759219
74015225
247693819
155001344
33907204
81388042
48996879
25059856
85459475
163725843
8208921
95404572
9224733
191472159
112697896
9224752
234480179
204161591
5349946
151978568
160891466
222044750
145531471
201032273
36667986
82027101
236233312
19874401
229704295
194536042
36668010
179257965
233431665
215114353
206946931
224436852
5350007
226304638
230433407
49930882
39690889
168723084
45351573
239977109
244417180
19391132
168723111
181183144
168723113
176120489
153215661
31269549
62702265
5350074
238863040
233431748
177513158
16646855
161260232
168723145
106668746
43262673
234234578
194814676
45458139
180683485
61940448
86860523
220676844
243753713
8913653
107471611
203047683
174228235
236618509
15041293
181035797
161997589
71664411
210617115
154075934
113320735
114697001
104973100
28427059
227640117
32703290
245580603
244982592
17744709
72721230
45949776
245998424
199902041
26878815
246195039
162431856
20923249
171475826
78283640
162423673
162423674
190792572
171729789
92570494
70116222
214483846
109323144
175997832
163988361
198140808
197534605
19784593
211977106
183100307
235004822
56157079
162423702
92488605
212542367
201950113
29025186
213762985
151389101
174384048
39142322
2950067
181232562
16548789
2925497
2098114
242041797
197829578
2925522
170714067
189850581
2917334
8373208
26199000
173196251
171140071
177112046
177112048
70870010
26313728
104014857
18809896
109921321
117523498
45179950
173261872
230966338
238191684
236643396
43541584
180470867
193692755
153838678
60744794
119489626
186221663
4007008
209560673
186221666
181306467
61858916
155903082
18220139
243467374
41141365
25060471
10036344
193692793
9290878
116393087
115238016
66880641
156689539
79684749
68863119
227124368
39437459
103302292
230450327
172754076
28648610
195814565
92480685
22791349
8823997
155772103
22291655
72705226
205210827
11871441
229180627
2139348
231720148
93021405
230900958
24544478
6112487
117646573
57066743
53347576
6219000
100304124
71320836
50758916
106071302
19375367
39511305
2352393
240747794
89171220
238445848
3548449
195839268
152921380
235734311
115696935
66659633
40445237
30360886
70034749
106005824
8373572
61506886
79783241
7980364
75834700
240788815
161940820
62358870
152200541
89400672
174605665
119678338
45262210
202909069
22578575
101721489
184173972
68978072
15254939
118220188
229909917
58844573
234735006
185050527
58844577
235382179
79398312
15254955
153470379
45262254
195880371
154912180
182207927
109675977
206276043
58918354
218179027
159057363
105948629
234685911
235685349
192103910
245384679
22554088
235128297
224699877
78906869
22554102
224429558
229484038
1295879
49350155
109602316
47670795
59688463
160089617
46016022
35251735
111322647
34948634
113813019
44656159
151070252
64366124
59024946
179447347
238863926
22554176
22554181
23725637
99477063
85435975
109585993
23553613
2950742
239224411
232138341
14722664
210962027
163939949
12150385
50611826
36128369
105817721
95766139
102090368
193341057
206734991
165643922
164841110
164841111
164841112
164841113
40052378
164841114
164841115
164841116
55928476
21866149
67700390
156862156
112993998
5760725
69854940
45983453
67290849
62752489
240609002
162981615
9529073
72361718
205784828
235955965
74819328
176490250
164865807
55011093
60147478
203794204
4048674
6268708
83068709
235800357
36644649
228869937
213059384
75687737
85763899
234735422
245122880
21825345
12027715
200517444
19507035
1304415
62383979
179603311
45492081
29747064
26634115
30312323
109619082
30312331
222439317
86157231
233940917
12208058
25077698
210536387
112822213
28706768
44738513
4048855
77326296
43370455
227485655
41912282
182077407
195610593
1902562
206219235
248907749
1902566
154675176
78604269
180553714
19400691
190015475
180553722
156002304
203737090
147040262
62007312
117262356
118851605
163260443
165488674
15575075
241362985
10651692
36866098
92448820
49424440
151816260
159524943
160884817
230295644
154658909
204023904
94398561
41371747
226060389
207759469
8005749
203802746
151816320
247687299
175892612
109332613
20179080
36890773
59992214
168872089
234244258
110708906
62449836
194685105
236652725
234244286
18614465
92375234
223119559
154912968
109521115
166095069
234244319
247113952
194922727
114419944
240830698
156731628
51923182
19958007
236620023
10791161
181307639
16689404
154913021
80603391
113543432
154421521
249170198
22718742
154421530
84363548
97265951
64112930
236480804
152168740
231205157
25757996
9120044
186247471
152168752
106047799
176171321
160418110
234244423
196299080
234244425
40397136
99264849
223996242
82241876
8300888
80922969
233064795
164251995
214583643
82119005
198011232
86149476
85125479
24095090
113150326
231106935
244271484
8300926
53602687
43370880
10520964
31525253
150047119
182970772
205302169
20859292
6752669
81881528
234219966
199944643
171715014
19261896
209496533
89221599
213051875
234244579
76098022
76368358
10373606
2763241
15436265
41445870
73501167
85707249
163260921
35817987
18590211
40716808
15436297
15436299
26634766
60770833
3213844
206277142
111487518
31885859
236644900
183085611
23898669
187460149
166218303
34073153
83429959
27667016
150194761
16624201
231475793
172935762
235334225
113576532
226232918
32705115
211970653
109423201
183175786
165448299
218942061
165898863
235391600
234703475
227519092
170142334
25823871
2951806
112962178
35703428
111872646
216640135
103525000
150309512
103189126
102689433
2951834
51661467
69020314
168241826
226462372
103189162
74681010
11315903
234564296
39496394
209111755
168856283
153758429
61147882
227388138
150022893
8227571
2575091
208333558
236186358
10496765
164334333
79489793
205507335
7719688
240167690
7719695
81603348
6564632
240896799
240356140
46295853
26430255
224766769
96480051
22358836
104966965
72387386
105319233
95816514
191458118
38226760
211610441
219097931
44575569
7719776
10881888
168700771
220973929
45517673
24791915
7719788
21687154
191073138
184716154
204409725
41864068
190892949
197184405
177728421
48098215
15436715
52046765
189172665
15436733
29248450
240896963
9161668
189172684
154536909
46443472
30100434
15436755
28715988
9014232
31673305
26250206
24906718
29051886
76991476
54692854
14371830
55094266
172133372
61975551
81849347
243026962
15592466
234253336
4713497
104877087
90377253
105761838
63605813
229518390
32394297
215485500
177474632
189418569
174148682
41995339
243469386
62123082
7007311
111971411
994391
102779997
96144482
153988198
15436916
2714741
200010874
70544507
70544511
3181699
236743819
234638479
9473168
238431377
178441364
29265047
153046171
231967904
203451557
150686886
27536550
15617190
231492780
9333935
200010928
240856242
212495540
164523188
40905914
105761980
230264004
24030409
24030410
105761998
167398610
41200853
90025174
244968669
92605665
23145698
97291490
161443041
244968677
18058483
39390454
105762038
153251065
110636288
65056005
50154760
105762061
230640910
29068559
62500114
56659224
11119899
245509411
54152487
73739562
38407471
167775536
113069361
3681599
169626947
230264137
217288009
93113685
245067101
208858466
167775587
182259046
15101290
183946604
5991793
170544501
38284669
203902342
150343048
11267466
193269134
27495824
110488983
230411672
69938593
42372518
198282666
163179946
246885804
87616941
172305840
183373234
201362873
232967614
65785283
53611972
178548168
186863050
59739598
28274128
43249107
41995733
76738009
82423261
209743327
153251296
109792735
46214641
25308658
34729463
165973503
220851717
2919942
243011098
119672350
29355553
44576291
237964841
119598634
220982833
240963129
16166460
240184910
153636432
38899299
173108839
38899307
232525420
237915762
9571964
56741505
93097609
150310549
115224214
118967962
79720093
242921117
46026397
79720099
79720100
230272690
86576821
230272695
86576830
202043073
242118337
71601859
223874765
240520910
240037585
3026642
37531347
6762193
22507225
180399840
50712290
62476003
68636393
226930412
105721583
237612795
86576892
64196348
226930436
183176970
62795534
84315923
236384022
9408285
20893470
31125281
7163682
62623524
67407653
22359844
150507316
224423738
3026746
38719292
72609597
191385407
221605699
15060804
11505486
176779087
1740628
26709850
40136541
89190258
60591993
150851453
236097409
213053316
199438213
72241029
62787463
11505541
154431376
177254292
32329621
238759835
63565725
9080734
82374562
150400930
212357028
174124967
219099047
248098736
154005426
110137268
199438261
96153526
3403702
212504509
76042175
202043327
202043328
206622658
202043329
202043331
209702857
27635659
87584717
9514959
213749714
163966932
37908437
2953181
81743841
185667572
154251259
37908477
151064576
45756421
205426693
115167245
156340242
63492122
230674458
199274529
103239718
65245225
217247786
14938157
81219639
202051642
100495418
224006204
227463235
22507588
185667655
102314064
221663318
212545624
38187099
14807134
189091940
12456051
20205692
44388476
211030145
29053058
178114689
50901126
93024394
7164048
154693777
26710163
1863835
7164059
156881054
45265055
56807588
76279976
15257770
57905326
172159151
171348146
229748915
156881077
114634933
57168061
181194949
7164101
82391242
246747340
3502287
183193808
10432720
10432721
193941713
52056283
42578142
52056291
38441187
202035428
38211825
220909811
24891635
231510267
243863808
80867594
156569869
65376526
205484301
154398996
221229337
54202654
85930272
206696738
204149027
12718373
182997286
71725353
213078314
235483439
92483896
101658938
7336251
37482815
166342994
247066964
8606041
153784666
37482849
77164905
173764970
77164908
10432879
79507828
94892404
233320830
202977665
170512771
240005510
161255816
215970185
185430416
14913943
169464230
170815911
93254058
110186926
92475824
113111483
13840834
226529736
31322581
161731030
971224
158536154
11637218
20894183
151269864
151269866
151269867
1020406
15372793
65376768
153997831
163467783
16486927
182563346
93016597
86258206
95801896
246280747
246280748
54759990
19026488
67465791
208933445
109457990
53408326
182194771
9589332
201888344
9622107
106566240
54760032
24703586
43389540
245445225
245445227
161796721
160387698
39342712
151614074
95785594
236343933
242111117
68792976
229347991
164213404
8860317
90108576
208777895
209744552
26825387
3297964
56906412
80859822
155390638
39195317
48517816
70898361
39195323
35615429
240775884
11637456
85635797
205517528
49156829
19354339
26637029
164508390
10425063
26661610
163345135
22663920
115118843
200889087
62255879
247337740
235262736
224908051
167703321
10425117
20910877
225866527
215094050
80663332
170758959
31142712
243512120
180032321
6804291
29053768
198030154
45052756
56791895
219788120
97153881
199881564
203576156
204165981
188666719
88740704
243430245
29021030
15233897
25031531
211022707
11088759
20575104
164860807
105026440
168186759
150147980
168072077
66499471
210523027
34640791
2503575
24368030
156029857
112300976
187773879
220337082
26121148
222639038
54743999
187773894
45757391
206853073
21353429
85267417
241325019
41161696
229430250
28341238
79565820
6829053
150459389
214520831
45650944
45650945
237859840
34460677
160019465
240112665
229930010
6689824
39973922
180171810
150418468
117109799
34518058
169546798
232346678
220025911
69252152
56841273
9294903
116249657
225866810
26588232
106288202
179049547
58537035
62477391
197760083
93181013
2511973
92951657
111441001
231404651
211670127
208450678
85496952
54277244
173520011
177460366
231494800
183309456
246862992
175912094
151000223
150992032
181040290
226464931
62108837
61265080
168383679
39146690
60339397
213079242
154694861
28153038
2741456
205386960
56964310
31741147
15553764
40809702
163583208
203830512
194647285
76305653
4994297
26825986
10163465
25179416
204305691
227620127
243578147
88732964
234960170
190461229
214930733
54957359
22287667
236279097
22287674
69637435
30848319
189527362
92026183
111351112
22287689
175527242
22287695
155268432
29504865
30848354
222483820
89568621
27194739
21697916
30848381
114070916
201135494
66319763
220771740
234739101
175904158
214644127
44045734
45299110
242193831
106771884
26367407
92665263
116528566
29160893
240645571
68744649
62625227
158012877
190281166
177477071
159684047
8877520
204920278
195450327
164017624
102774234
164017631
154850794
22509046
245741048
245782024
247412235
245741072
202176017
57284128
180164130
180164131
18912809
145651246
34952753
65001010
39556662
39556664
58766905
152262201
39556665
39556666
43677246
185775678
229463614
231593538
112522825
59987532
174159439
177550929
215545430
53311063
10614360
81065572
160896614
88741489
155235956
203282036
76461689
213472894
33838721
7558789
23443077
15259276
96597645
226301583
39343763
150689430
7558811
201348764
2258590
26498718
79410849
225875621
235271854
7362227
40277688
207214268
70801088
194975429
98358985
19961548
29456085
211949273
192583386
234526427
222525148
238122719
192583395
59905766
193353448
154064617
161478377
224442092
26244848
19879668
31758089
102405898
31250187
7714571
78608139
78608141
78608146
164878104
4527897
59922202
78608156
61904670
242816808
197039912
34879275
242595629
5207853
16766769
26269490
226481978
235042624
201258816
187774787
112072519
87365451
92927835
7714655
178050912
91854689
10540898
7722858
238778220
178665327
227514226
191092598
180123538
8468372
93214623
230561700
92788644
222394278
7559080
6789036
49477558
10287030
156424125
241227711
44496838
100734919
15529939
13834196
13834197
13957083
103741404
33060834
6821864
28784619
234543087
109721584
4044791
150714360
7714814
104691711
9582592
2258946
47519746
158160902
10491912
38942730
218789899
162600972
202635280
27400211
108476436
8443925
244906005
30103573
65574936
119601177
34936857
152270875
160700444
47093788
152270880
242276386
115718179
229734437
154384423
118708268
160700463
154892339
200996918
229513272
54335545
47700027
210491469
25229390
31381582
157210709
211392599
55695448
110622807
236492892
42031198
68589672
194877546
234248302
19675253
234657911
85956729
38574203
55400574
189028479
185497730
92600452
109664395
190232717
21698703
15243408
234698901
145389725
11057312
170055841
159217826
178747564
185317551
84916399
65304754
54884533
39319737
34166973
217209022
153000125
153999556
113678536
212072656
31185106
224442579
1775830
197368022
102095066
16668891
81729758
77707491
8911078
223885546
236476654
203634927
173824243
150788339
80484600
7715064
179820793
154188028
153753852
13957372
9165062
23623944
86800650
199923979
159455500
161708305
28703000
208345371
179009825
222705957
21854503
21854505
171161904
174364976
40900914
247273778
23468339
44063043
245102918
195877194
245446992
2414928
7215447
183138653
57448807
229357933
179861872
167909744
210934130
12245360
101734783
86866311
33061257
238705033
5339531
167770520
154392987
188127643
100645283
109722025
240310698
59169195
161675694
245750194
956852
160012726
238705090
238705097
150428105
238705100
228088271
153835988
3242454
238705114
109541850
238705123
22673892
180247012
238705126
30915047
81394160
88439283
222583286
218552829
167401983
71227908
229104134
232880654
222771728
7715345
231201297
31898132
146807321
211008027
222362141
164928035
19438117
54565416
210467368
222624298
8493613
174856749
115235374
41998904
35191361
159201864
20699724
10754641
85326417
33430102
161938006
150288986
9951839
23517793
198515302
227621484
115980909
65714797
242399853
64240240
64584315
24525438
9443971
155499142
65010313
40073866
7715471
248421010
67771027
106035862
27523734
16300697
147151514
116087453
153868966
200022697
81869484
105732780
191765174
82533047
53263038
221797058
194181829
87481031
7707338
160373454
40639186
56802005
220986070
158161621
109378264
235756247
209746650
202627803
209746652
40884952
41999076
191765220
58841836
206953201
18455282
11655923
149863159
209394429
79985406
236845822
7715591
119692048
41999127
101653273
190184224
19970853
109828908
38796077
70613820
89283391
192625475
88120133
76192582
7715655
202169163
230849359
225925967
247995217
32594770
74939216
232004438
29047653
180673381
166214503
183098217
41098090
6822768
169589617
7715697
162503545
175078266
236477316
114785156
11656072
150510492
87751582
167476129
1186736
242326449
199400368
5274547
216726450
7715776
41376705
161225671
168696777
8698842
54877151
155040737
150748134
120323047
22469615
29170676
164748279
23886839
9174015
97672194
229522436
83098637
115334159
247045139
199842836
5553174
28179479
45489176
205626394
69975066
69975067
69975075
69975076
115145763
163372070
168254499
50584616
25017388
154418225
191585334
232332346
19725372
240753731
81534028
242572373
156081240
42024026
26352733
233135198
11770978
26303588
112925799
232365161
25943145
243022955
109837423
80829552
78216309
193240205
185048211
180182165
20036763
246193308
70565025
225901730
68877475
84384942
70032565
16252089
31292608
202652868
153869509
93076684
99491020
110664921
218217692
8879327
33660133
217226475
216718572
67460332
200989936
150617329
10894577
4840693
4709621
38182135
244866302
17603842
193453318
38362377
61250828
8576286
1514790
62758183
36633897
174153005
38362414
146840877
38362435
34987339
3325260
222149965
61857107
151551320
213622111
10992991
102948207
177765749
218013048
161316220
44531077
6823302
168689033
55156111
63643031
213179803
157457820
177716637
55156126
45268382
11034019
10616228
33775011
69074353
157457847
25574840
56958393
29023674
19717565
226434493
157457856
157457857
99466693
112229830
228670919
154631624
239582662
221363663
81354195
49610198
3186141
221691357
224394737
174218739
32013819
55000574
93232639
155835907
215858696
974355
974356
179355159
55238170
154320414
244473376
235494945
90447395
72629795
61144611
239320614
58613284
63225398
55164470
8158779
26811966
61144642
231521863
102637135
18439777
153910882
212246120
86138478
238681716
231177857
40263298
174423689
150625931
2514575
231530128
205094546
183205523
215039648
192405156
179265191
151019180
79830707
23568053
233856697
59399870
210951872
242671296
232398537
7749327
4726481
216219348
9502427
62717663
175677154
224304867
118800119
168697594
9207549
4726532
93839114
238092049
226991896
29712153
93839128
160980763
222453533
7552801
93839137
245030692
18685733
56860456
7331625
93839144
171425579
93839145
8314669
36060978
248422195
35266356
145399610
33275707
7552828
18685758
7552837
162512710
227032911
186195792
35364688
190635860
200728408
7552859
234119004
224386909
7552868
92921717
32431991
43532155
53567361
112516994
7552899
7552904
1302408
247447434
229375884
58720141
29458318
1523600
163209110
109272983
62414752
235003810
7552930
211050410
242327469
219209648
157474737
111394739
170631101
225550276
62799812
3252166
223281095
54894538
219414476
228851662
236404687
79708117
45285346
47505382
82730995
1048575
