61579268
1531909
91904007
119601168
89260050
119601177
91904025
1302555
192495645
192495646
192495648
118708268
10512429
14938157
166684726
54335545
174137402
1531970
66910275
168368201
68747340
48070736
93745233
54349907
236492892
94398561
194877546
224430189
5929070
162457711
234657911
109508729
38574203
20205692
10248315
169201794
84547715
101621894
64385159
223371405
189997198
26710163
1865880
105644186
145389725
2302113
21086373
18745511
75796651
154460332
7653549
47265966
178747564
47265970
10272948
34166973
145719488
240488643
47265989
246988999
246747340
7553230
47265999
183085264
101621974
101621975
219891928
81729758
246989023
33716453
223885546
3326188
80484600
7715064
165208315
246251772
246251779
246251781
170981640
80867594
101622029
205484301
199946512
65274139
84363548
59048221
220588318
97265951
85682465
152168740
71725353
9120044
152168752
237986101
76233024
247066964
244906327
8606041
149854555
236812641
98931048
237986155
91916657
45562226
248070522
161290618
6209915
215970185
182970772
237986201
28905888
218706341
49496492
40331694
228743601
41816499
109785528
102908354
7715283
158536154
237986266
168722914
76368358
45388263
151269864
151269866
151269867
73501167
40331765
53387768
85985789
218552829
155001344
85985793
85985794
21148162
56121861
6210060
222771728
7715345
163725843
24586772
93016597
216742423
95404572
235471398
54565416
8493613
157278768
199932466
168254006
4764217
5349946
11663942
151978568
22532681
33512012
145531471
178408016
10754641
45859410
226460240
226232918
9622107
19845723
106566240
236233312
15762024
5350007
39342712
236546686
230433407
226304638
35703428
111872646
103189126
103525000
40073866
82848396
100393613
7715471
16300697
164213404
244417180
168241826
168723111
168723113
103189162
5694121
5694122
182063798
82533047
232823482
5350074
199994042
16509628
11315903
51057346
152707779
176274117
210367174
194181829
16646855
39496394
209111755
6210256
212849360
162427604
162427605
180683485
19585758
49156829
216099552
163345135
22663920
20900592
243753713
115118843
209394429
79985406
203047683
222087955
83370773
245031707
218676006
172266282
28427059
227640117
20900672
180505409
244050756
88120133
151071560
38226760
225925967
90581841
28891999
10881888
76903267
29047653
180673381
103119724
191073138
211022707
214483846
236313493
87751582
29025186
48098215
232825768
199400368
16548789
8663997
89236415
4604864
95060933
197829578
57912270
45757391
28715988
31673305
41161696
182899686
240579562
22469615
217457654
23886839
6986745
172133372
162505725
45650944
45650945
69975066
69975067
210787362
69975075
69975076
180171810
212581415
169546798
32394297
150574138
225866810
8717381
62123082
197760083
77999194
119489626
153054301
186221663
186221666
11770978
61858916
7541861
232365161
25943145
175527022
212022387
2714741
76807290
193682555
54277244
116393087
173520011
79684749
86330513
185048211
178441364
244511895
244511902
231967904
182178981
150686886
195814565
146680999
40905914
153869509
80524485
155772103
205210827
157258956
229180627
174888156
86330589
240311522
238638315
7951596
242558188
49706223
79783153
4709621
39390454
153251065
41792763
212028668
41792765
38362377
200457488
240747794
161023252
49280281
238638363
157259037
8576286
73739562
167775536
69637435
212028738
79783241
238638421
152200541
167775587
157259119
175244657
27194739
177765749
217945461
99399038
44531077
175244679
150343048
27495824
212092304
167572881
66319763
157259155
157259156
63643031
113030555
58844573
58844577
31747492
45299110
163179946
106771884
246885804
26367407
218351025
175244733
9622977
154631624
167775690
59739598
177477071
37101008
28274128
8877520
164017624
164017631
187272684
92327414
245741048
34713082
79719943
1295879
49350155
187272715
47670795
231550479
245741072
59688463
85175831
154320414
167583263
180164130
70864423
235245098
44383791
39556662
238863926
39556664
152262201
39556665
39556666
68345404
240963129
26811966
167583292
8545856
85175879
59987532
3389004
174159439
72302163
163065428
9524820
215545430
7552596
235343452
37101150
18439777
14722664
38899307
7552619
153255533
233852529
12150385
27516533
27420278
105817721
68345466
213472894
70987396
116383364
93097609
89165450
146968213
41551510
164841110
164841111
164841113
164841114
164841115
164841116
14522006
2258590
164841112
4513445
7552682
174403246
235271854
150996662
14196411
242060992
242118337
71601859
209157835
240037585
37531347
7552730
69854940
67290849
15040231
62752489
226930412
44994286
237612795
9207549
238216963
174485258
7714571
78608139
78608141
235521808
78608146
93839128
29712153
160980763
78608156
7552801
7163682
93839137
62623524
18685733
242816808
93839144
93839145
36060978
213059384
3026746
7552828
18685758
71626559
235042624
221605699
7552837
214753099
227032911
27955027
241981270
238217047
225627993
7552859
8656731
11820892
178610012
7714655
7552868
40742757
62383979
178665327
32431991
29747064
150851453
7552899
18329476
7552904
247447434
201944973
154431376
7552930
212357028
86157231
4067247
3403702
30848951
212504509
202043327
202043328
117680068
112822213
110622663
41265104
18139091
163966932
37908437
66129881
231161817
103741404
81743841
117809130
173418477
19308527
82730995
230524920
37908477
104691711
