165085190
119601168
89260050
119601177
1302555
192495645
192495646
192495648
14938157
12718127
165085232
166684726
54335545
174137402
66910275
168368201
68747340
93745233
94398561
226060389
194877546
224430189
234248302
12456051
234657911
109508729
63611007
169201794
64385159
36890773
1865880
105644186
145389725
18745511
75796651
154460332
178747564
10272948
114634933
34166973
70879422
240488643
63307972
246988999
246747340
183085264
219891928
71346398
246989023
81729758
223885546
80484600
7715064
165208315
246251772
113764608
246251779
246251781
170981640
80867594
199946512
187336985
65274139
84363548
85682465
152168740
217588006
54901033
71725353
40157487
152168752
76233024
102451521
40157516
165085517
244906327
80922969
8606041
149854555
234979678
236812641
165085538
91916657
248070522
6209915
43370880
215970185
182970772
28905888
200114596
31173032
49496492
228743601
109785528
113856956
1866173
102908354
8937935
7715283
158536154
168722914
45388263
5349864
151269864
151269866
151269867
73501167
53387768
74015225
239825405
218552829
155001344
21148162
56121861
222771728
7715345
24586772
93016597
235471398
54565416
8493613
157278768
199932466
168254006
4764217
5349946
11663942
187351622
151978568
22532681
33512012
145531471
226460240
10754641
222429778
45859410
182194771
226232918
9622107
19845723
106566240
236233312
5350007
154098296
226304638
230433407
173984387
111872646
103189126
103525000
40073866
82848396
100393613
7715471
97800855
16300697
164213404
244417180
103189162
3297964
157045428
182063798
82533047
33540801
240233156
176274117
210367174
194181829
39496394
209111755
234234578
180683485
49156829
163345135
22663920
1286897
243753713
115118843
209394429
79985406
26708734
203047683
7715591
222087955
215094050
218676006
227640108
109828908
28427059
227640117
180505409
180032321
244050756
88120133
7715655
151071560
184474440
38226760
28838733
225925967
90581841
29047653
180673381
183098217
103119724
7715697
191073138
211022707
109407101
32738174
204409725
214483846
94323596
183100307
87751582
24368030
29025186
48098215
232825768
114398125
199400368
8663997
95060933
197829578
57912270
45757391
41161696
182899686
168637419
22469615
23886839
55094266
72487943
28179479
224928794
180171810
212581415
235244599
6796344
32394297
225866810
8717381
29318214
177669192
243469386
197760083
77999194
119489626
153054301
7541861
232365161
25943145
212022387
2714741
76807290
193682555
54277244
116393087
79684749
185048211
178441364
244511895
244511902
231967904
150992032
195814565
150686886
40905914
182088890
153869509
205210827
200092878
229180627
167582945
167582952
167582954
242558188
4840693
39390454
167582966
167582967
4709621
41792763
41792765
200457488
62500114
8576286
73739562
249113901
174153005
167775536
69637435
79783241
61857107
152200541
167775587
177765749
217945461
99399038
44531077
11267466
167572881
66319763
63643031
68978072
19572121
113030555
235382179
31747492
45299110
163179946
26367407
218351025
154631624
167775690
190281166
59739598
28274128
8877520
7415265
187272684
92327414
245741048
34713082
79719943
1295879
49350155
187272715
231550479
245741072
59688463
154320414
244473376
180164130
44383791
39556662
238863926
39556664
39556665
39556666
240963129
26811966
43677246
8545856
8224323
43720267
59987532
3389004
174159439
203593299
9524820
68795989
215545430
72302163
222252634
18439777
14722664
212246120
153255533
233852529
27420278
46618232
105817721
213472894
116383364
93097609
41551510
164841110
164841111
164841113
164841114
164841115
164841116
164841112
2258590
192405156
4513445
235271854
150996662
14196411
242118337
71601859
240037585
37531347
69854940
67290849
174687975
62752489
226930412
44994286
19879668
237612795
9207549
174485258
7714571
78608139
78608141
235521808
78608146
29712153
160980763
78608156
62623524
18685733
242816808
197039912
36060978
213059384
18685758
71626559
235042624
221605699
150355783
244172620
227032911
186195792
225627993
200474460
11820892
178610012
7714655
40742757
31448936
178665327
32431991
29747064
77956989
150851453
18329476
247447434
201944973
212357028
104390574
86157231
3403702
21278647
212504509
202043327
165777344
202043328
112822213
176310215
110622663
163966932
152696789
198531030
66129881
231161817
103741404
81743841
117809130
189048816
82730995
104691711
