61579268
10559502
31916053
205520921
174858265
151568411
1302555
192495645
151568414
192495646
192495648
69615641
14917667
92233769
7364657
218767412
174137402
58581054
150454335
70918216
208035912
14000202
48070735
48070736
48070740
242909270
4915286
48070744
48070748
50069601
113303652
217227372
9068662
10248315
29515908
6783111
85721232
10272914
157024404
40812694
2302113
47825058
226336930
21086373
184713383
154460332
67928237
29155501
228090031
149962931
234512583
216613067
7553230
55599311
20668622
234512593
65839311
105808079
32022741
11813090
46276838
208888045
234479854
180519151
165208315
246251772
43262209
246251779
152330501
246251781
230269196
103473422
246333713
204054802
30908689
204054805
199926038
46432533
65274139
30908705
36503853
180429102
62169390
201130286
21405999
204497202
218792242
44532018
202170679
172900666
103743804
104997184
222781769
40157516
240836941
70386000
62169430
199967065
2826587
23118173
170590558
37232991
44532061
195174754
1392995
85459302
214475112
3383665
40157554
29540728
248070522
178962812
7397757
76726658
7520653
229917070
53322127
208929170
77210006
229917079
112566695
239116715
53617071
23060915
223273405
183992777
107536842
6668747
24519118
8937935
223150546
216908246
15057369
197796314
205513182
4006367
168722914
205513188
7471589
7135722
991724
105759219
74015225
247693819
155001344
81388042
48996879
25059856
163725843
8208921
95404572
191472159
234480179
204161591
5349946
151978568
160891466
222044750
145531471
201032273
222429778
36667986
82027101
236233312
19874401
229704295
194536042
36668010
179257965
233431665
206946931
224436852
5350007
224019063
226304638
230433407
49930882
214729351
39690889
168723084
244417180
19391132
15090339
168723111
181183144
168723113
31269549
65938094
62702265
167822016
238863040
233431748
177513158
161260232
167674569
106668746
19391177
43262673
76038866
234234578
194814676
189194968
45458139
180683485
74162910
61940448
184517348
86860523
220676844
243753713
8913653
66233083
107471611
203047683
174228235
236618509
2794253
15041293
181035797
161997589
71664411
5350172
210617115
154075934
113320735
114697001
152265519
28427059
227640117
5350197
32703290
245580603
244982592
72721230
61326166
245998424
199902041
26878815
246195039
162431856
171475826
78283640
162423673
162423674
190792572
171729789
92570494
70116222
2499459
214483846
175997832
163988361
198140808
19784593
183100307
235004822
56157079
162423702
14844830
201950113
29025186
213762985
151389101
174384048
39142322
2950067
181232562
16548789
2098114
242041797
197829578
2950094
170714067
189850581
2917334
8373208
26199000
173196251
171140071
22873066
180413421
177112046
177112048
70870010
26313728
94553092
104014857
951305
62309391
20874279
18809896
109921321
117523498
45179950
173261872
230966338
238191684
236643396
11887685
43541584
180470867
193692755
212059221
119489626
4007008
209560673
181306467
61858916
168092775
155903082
243467374
41141365
25060471
10036344
215614589
9290878
116393087
115238016
66880641
155133066
79684749
153765007
68863119
39437459
103302292
179881110
96158870
171066520
230450327
172754076
28648610
195814565
92480685
22791349
8823997
155772103
193586376
22291655
72705226
205210827
11871441
229180627
2139348
231720148
93021405
230900958
201688285
24544478
6112487
242558188
117646573
57066743
53347576
6219000
100304124
71320836
50758916
106071302
19375367
39511305
2352393
240747794
89171220
238445848
3548449
195839268
115696935
66659633
15574322
40445237
30360886
70034749
106005824
8373572
79783241
7980364
75834700
240788815
161940820
62358870
152200541
174605665
205055361
119678338
45262210
40265093
22578575
101721489
184173972
15254939
118220188
229909917
58844573
234735006
58844577
235382179
79398312
15254955
153470379
12142001
195880371
154912180
182207927
22578619
40265149
109675977
58918354
218179027
159057363
105948629
234685911
67544543
235685349
192103910
245384679
37873127
224699877
78906869
224429558
1295879
169084423
49350155
109602316
47670795
59688463
160089617
35251735
111322647
34948634
44656159
151070252
59024946
179447347
238863926
8545856
23725637
99477063
85435975
109585993
5703245
23553613
2950742
239224411
232138341
14722664
163939949
12150385
50611826
36128369
105817721
95766139
102090368
193341057
206734991
165643922
164841110
164841111
164841112
164841113
40052378
164841114
164841115
164841116
55928476
21866149
67700390
156862156
112993998
175015630
5760725
52045528
69854940
67290849
19375841
62752489
240609002
185181935
9529073
72361718
205784828
235955965
74819328
176490250
55011093
60147478
203794204
53315359
4048674
18032419
6268708
83068709
36644649
228869937
213059384
75687737
85763899
21825345
200517444
19507035
1304415
244860778
62383979
179603311
45492081
211322740
151439223
29747064
211322745
26634115
30312323
109619082
30312331
73525141
222439317
197207974
165250983
86157231
233940917
12208058
25077698
210536387
117680068
112822213
44738513
4048855
77326296
43370455
4073432
227485655
41912282
182077407
195610593
206219235
248907749
154675176
78604269
189048816
180553714
19400691
223274997
174893049
156002304
147040262
62007312
117262356
118851605
163260443
15575075
241362985
10651692
20875309
36866098
92448820
49424440
151816260
159524943
160884817
230295644
154658909
204023904
94398561
41371747
226060389
207759469
8005749
203802746
247687299
175892612
20179080
238758033
36890773
59992214
168872089
27437217
234244258
9160870
110708906
62449836
236652725
234244286
18614465
92375234
223119559
109521115
166095069
234244319
247113952
194922727
114419944
240830698
156731628
19958007
236620023
10791161
16689404
113764608
113543432
37546260
249170198
97265951
64112930
236480804
152168740
231205157
25757996
186247471
106047799
176171321
160418110
234244423
196299080
234244425
40397136
99264849
223996242
82241876
2951511
8300888
80922969
233064795
164251995
82119005
157911390
198011232
86149476
85125479
231106935
244271484
8300926
53602687
43370880
31525253
150047119
182970772
205302169
20859292
6752669
81881528
80660923
199944643
19261896
211732947
209496533
80169436
213051875
234244579
76368358
10373606
2763241
41445870
73501167
34490864
85707249
23005680
163260921
35817987
18590211
16140805
40716808
2484748
26634766
60770833
3213844
206277142
23005719
111487518
206277151
31885859
236644900
183085611
23898669
187460149
166218303
34073153
83429959
150194761
16624201
235334225
113576532
226232918
32705115
211970653
109423201
183175786
165448299
218942061
235391600
28977778
234703475
170142334
25823871
2951806
112962178
35703428
111872646
216640135
65219206
103525000
150309512
103189126
2951834
51661467
69020314
168241826
226462372
103189162
74681010
11315903
234564296
39496394
209111755
168856283
48515803
153758429
240167654
61147882
227388138
150022893
8227571
2575091
208333558
236186358
10496765
79489793
205507335
7719688
240167690
104737546
7719695
6564632
189082392
240896799
240356140
26430255
248474416
224766769
96480051
22358836
104966965
209505076
100330295
72387386
180505409
95816514
105319233
191458118
38226760
211610441
28838733
44575569
10881888
168700771
45517673
191073138
99838841
204409725
41864068
200895391
177728421
48098215
15436715
52046765
204016567
15436733
29248450
9161668
154536909
46443472
30100434
15436755
28715988
9014232
31673305
26250206
24906718
217533410
29051886
109382643
76991476
54692854
14371830
55094266
172133372
61975551
150375425
81849347
243026962
15592466
234253336
4713497
104877087
234499104
90377253
31697966
63605813
229518390
167758901
77294648
32394297
215485500
177474632
189418569
174148682
243469386
7007311
111971411
994391
96144482
153988198
187518067
15436916
2714741
200010874
70544507
70544511
3181699
236743819
234638479
9473168
238431377
178441364
29265047
231967904
203451557
150686886
15617190
9333935
200010928
240856242
40905914
5713085
230264004
234638534
24030409
24030410
167398610
41200853
90025174
244968669
92605665
23145698
97291490
161443041
244968677
204360938
18058483
39390454
105762038
218295549
110636288
219131139
50154760
27749643
105762061
230640910
29068559
56659224
11119899
245509411
236211491
54152487
73739562
38407471
167775536
113069361
21007674
3681599
192302399
169626947
230264137
217288009
93113685
245067101
208858466
167775587
183946604
5991793
16330100
170544501
38284669
203902342
150343048
11267466
193269134
27495824
110488983
230411672
69938593
61894054
42372518
163179946
246885804
87616941
172305840
201362873
232967614
65785283
53611972
178548168
186863050
59739598
28274128
43249107
76738009
82423261
209743327
153251296
109792735
235458028
46214641
25308658
34729463
220851717
2919942
119672350
29355553
44576291
55750180
28872230
237964841
119598634
220982833
240963129
16166460
240184910
153636432
185060950
38899299
173108839
38899307
232525420
237915762
109563508
55701113
9571964
56741505
93097609
150310549
115224214
118967962
79720093
242921117
46026397
79720099
79720100
230272690
86576821
230272695
86576830
242118337
223874765
240520910
240037585
3026642
37531347
11865816
53063384
22507225
153235163
89607901
180399840
50712290
62476003
68636393
105721583
237612795
86576892
184528639
183176970
62795534
236384022
19623703
144920348
9408285
20893470
31125281
62623524
67407653
22359844
101330729
20893488
150507316
209121076
224423738
3026746
38719292
72609597
191385407
221605699
15060804
176779087
1740628
26709850
150146907
40136541
172478302
151203687
89190258
60591993
150851453
72241029
11505541
62787463
154431376
177254292
76509076
69226395
238759835
63565725
194195360
82374562
150400930
212357028
174124967
219099047
248098736
154005426
110137268
199438261
96153526
3403702
212504509
76042175
202043327
202043328
206622658
27635659
87584717
9514959
213749714
44502994
163966932
9129945
19263449
2953181
81743841
185667572
154251259
151064576
199880709
205426693
151048199
115167245
156340242
236253214
199274529
103239718
65245225
217247786
14938157
202051642
100495418
224006204
227463235
22507588
102314064
54349907
221663318
212545624
38187099
44576862
14807134
189091940
31690863
30937202
20205692
34033789
211030145
29053058
178114689
50901126
154693777
26710163
1863835
156881054
45265055
56807588
15257770
57905326
172159151
171348146
229748915
156881077
114634933
57168061
82391242
246747340
183193808
10432720
10432721
193941713
52056283
12619998
42578142
52056291
38441187
202035428
120500452
38211825
220909811
24891635
231510267
4755721
80867594
156569869
65376526
205484301
54202654
85930272
245141793
206696738
204149027
213078314
235483439
92483896
8147256
101658938
7336251
37482815
44323141
229691726
28733775
166342994
8606041
153784666
37482849
10432879
94892404
233320830
202977665
170512771
240005510
161255816
215970185
185430416
14913943
197415319
218706341
170815911
38474152
93254058
110186926
92475824
113111483
13840834
31322581
971224
158536154
11637218
228299238
151269864
151269866
151269867
32985580
15372793
65376768
153997831
40669706
16486927
182563346
93016597
240570915
95801896
246280747
246280748
54759990
19026488
208933445
182194771
9589332
201888344
9622107
24703586
43389540
161796721
160387698
39342712
151614074
95785594
34755196
236343933
23999106
11924109
242111117
229347991
8860317
208777895
209744552
26825387
3297964
80859822
155390638
65327792
150926002
39195317
168694453
48517816
70898361
39195323
35615429
240775884
11637456
85635797
205517528
19354339
26637029
164508390
10425063
26661610
163345135
22663920
115118843
200889087
62255879
247337740
223712014
224908051
167703321
50606876
10425117
20910877
225866527
215094050
23794468
80663332
170758959
31142712
243512120
41423677
180032321
6804291
161215300
29053768
45052756
56791895
199881564
203576156
204165981
188666719
88740704
29021030
15233897
25031531
2798457
20575104
164860807
105026440
150147980
168072077
66499471
26383248
210523027
34640791
2503575
22426521
24368030
156029857
112300976
220337082
26121148
222639038
54743999
26727361
45757391
203838417
21353429
85267417
241325019
41161696
229430250
168637419
150459376
28341238
79565820
6829053
150459389
214520831
237859840
160019465
226153488
240112665
229930010
6689824
39973922
180171810
117109799
34518058
169546798
232346678
220025911
69252152
56841273
150574138
9294903
116249657
225866810
179049547
58537035
62477391
197760083
88282197
93181013
2511973
92951657
111441001
231404651
211670127
208450678
85496952
54277244
173520011
177460366
231494800
183309456
246862992
175912094
151000223
150992032
181040290
226464931
62108837
164451496
61265080
168383679
39146690
60339397
213079242
154694861
28153038
2741456
205386960
56964310
115160278
31741147
15553764
163583208
203830512
76305653
4994297
26825986
10163465
154531090
25179416
204305691
227620127
243578147
88732964
234960170
190461229
214930733
54957359
22287667
240301364
236279097
22287674
69637435
30848319
189527362
92026183
150254920
22287689
22287695
155268432
15144274
29504865
30848354
222483820
152261997
89568621
27194739
19887483
21697916
30848381
114070916
201135494
66319763
78034326
220771740
175904158
214644127
44045734
45299110
242193831
106771884
26367407
92665263
235337141
116528566
29160893
240645571
68744649
62625227
158012877
190281166
177477071
159684047
204920278
195450327
62182874
159430112
154850794
22509046
245741048
82982404
54605318
245782024
202176017
153867805
57284128
180164130
180164131
175134249
145651246
34952753
65001010
39556662
39556664
58766905
152262201
39556665
39556666
185775678
229463614
231593538
3765830
112522825
59987532
177550929
9524820
215545430
53311063
10614360
174192217
81065572
160896614
88741489
120280690
155235956
76461689
213472894
33838721
23443077
15259276
226301583
39343763
4429462
150689430
201348764
26498718
2258590
79410849
225875621
165901991
235271854
7362227
40277688
207214268
70801088
93443777
19961548
29456085
211949273
192583386
222525148
238122719
192583395
59905766
193353448
154064617
224442092
19879668
31758089
31250187
78608139
78608141
31168270
78608146
164878104
4527897
59922202
78608156
61904670
222017311
242816808
197039912
34879275
242595629
5207853
16766769
8468278
226481978
45692733
235042624
201258816
87365451
7714655
178050912
91854689
10540898
21960551
7722858
238778220
4626286
178665327
227514226
191092598
180123538
8468372
93214623
230561700
92788644
59053993
6789036
156424125
241227711
208959429
44496838
100734919
15529939
13834196
152696789
13834197
198531030
179984345
13957083
103741404
33060834
6821864
28784619
234543087
109721584
4044791
150714360
7714814
104691711
9582592
2258946
158160902
10491912
218789899
8402958
202635280
27400211
108476436
8443925
244906005
65574936
119601177
160700444
115718179
229734437
154384423
115193897
7714858
118708268
160700463
229513272
54335545
47700027
210491469
25229390
31381582
244815949
57784403
157210709
211392599
55695448
110065752
110622807
236492892
42031198
68589672
194877546
234248302
19675253
234657911
85956729
38574203
189028479
185497730
92600452
109664395
190232717
21698703
15243408
234698901
145389725
11057312
159217826
114063523
178747564
185317551
84916399
65304754
54884533
39319737
34166973
153000125
153999556
113678536
212072656
31185106
224442579
1775830
16668891
81729758
35051745
77707491
208353509
8911078
223885546
236476654
203634927
173824243
150788339
80484600
7715064
179820793
153753852
9165062
23623944
86800650
199923979
159455500
161708305
28703000
61364506
208345371
174594333
179009825
222705957
21854503
21854505
171161904
174364976
40900914
23468339
172611905
44063043
245102918
195877194
173373773
245446992
2414928
7215447
120518999
183138653
229357933
179861872
167909744
210934130
12245360
230816123
101734783
86866311
33061257
185514382
154392987
188127643
100645283
109722025
59169195
205355437
161675694
245750194
956852
160012726
232085950
238705090
238705097
201521609
231160266
238705100
150428105
228088271
59316688
7715283
153835988
152975829
238705114
109541850
201521629
238705123
22673892
180247012
238705126
30915047
81394160
222992880
88439283
222583286
32709117
167401983
71227908
229104134
232880654
222771728
231201297
31898132
146807321
211008027
222362141
19438117
210467368
222624298
8493613
174856749
115235374
64092724
41998904
39803449
35191361
159201864
20699724
10754641
85326417
33430102
161938006
9951839
23517793
115980909
65714797
242399853
64240240
64584315
9443971
155499142
65010313
40073866
67771027
106035862
16300697
147151514
56728227
153868966
69515942
200022697
81869484
105732780
191765174
82533047
53263038
221797058
176274117
87481031
7707338
160373454
40639186
56802005
220986070
158161621
235756247
40884952
202627803
41999076
191765220
58841836
206953201
18455282
11655923
204200697
209394429
79985406
236845822
7715591
41999127
201620250
190184224
19970853
109828908
38796077
214825787
70613820
89283391
192625475
88120133
76192582
202169163
230849359
225925967
247995217
32594770
74939216
29047653
180673381
183098217
41098090
6822768
169589617
162503545
236477316
114785156
10066822
11656072
6232976
150510492
87751582
167476129
240909224
1186736
242326449
199400368
216726450
41376705
161225671
168696777
8698842
150748134
154450921
22469615
164748279
23886839
104807417
9174015
97672194
229522436
83098637
115334159
247045139
199842836
5553174
28179479
45489176
205626394
115145763
168254499
163372070
50584616
79977513
25017388
154418225
191585334
207895612
240753731
242572373
232332376
156081240
42024026
26352733
233135198
26303588
112925799
17603687
232365161
25943145
243022955
109837423
80829552
78216309
235732093
185048211
26352788
210623638
246193308
225901730
68877475
19184804
111844526
70032565
182312119
31292608
202652868
153869509
93076684
99491020
110664921
218217692
8879327
167582945
33660133
167582952
167582954
216718572
200989936
150617329
10894577
4840693
167582966
167582967
38182135
4709621
244866302
17603842
23584003
193453318
38362377
61250828
151518479
8576286
38157604
1514790
62758183
36633897
146840877
38362414
150658350
247569728
38362435
34987339
61857107
67788119
151551320
10992991
102948207
177765749
218013048
24886651
44531077
6823302
168689033
55156111
63643031
213179803
157457820
55156126
45268382
11034019
10616228
33775011
69074353
56958393
29023674
19717565
226434493
99466693
239582662
8936903
228670919
154631624
221363663
81354195
49610198
231103961
58924506
221691357
224394737
174218739
214998516
40615418
32013819
1506814
55000574
155835907
215858696
179355159
21978648
55238170
14728734
154320414
244473376
90447395
72629795
61144611
239320614
58613284
55164470
26811966
87318083
231521863
43720267
112123487
18439777
45309541
212246120
238681716
231177857
40263298
174423689
150625931
2514575
231530128
205094546
183205523
215039648
15842976
192405156
179265191
151019180
79830707
233856697
153886393
59399870
242671296
232398537
7749327
4726481
216219348
9502427
62717663
175677154
224304867
115080934
118800119
168697594
9207549
4726532
93839114
238092049
226991896
93839128
160980763
7552801
93839137
245030692
18685733
56860456
93839144
93839145
171425579
8314669
36060978
98680627
248422195
145399610
7552828
18685758
7552837
162512710
227032911
186195792
35364688
190635860
175071061
223690584
7552859
234119004
175071068
224386909
7552868
92921717
32431991
23535490
7552899
7552904
1302408
247447434
229375884
58720141
29458318
1523600
163209110
109272983
62414752
235003810
7552930
242327469
219209648
157474737
170631101
225550276
62799812
3252166
223281095
54894538
219414476
228851662
236404687
79708117
2531295
45285346
47505382
117809130
82730995
1048575
