165085190
161734663
248119304
47652871
10559502
109289487
83181584
27377681
81190927
215916563
224329746
8847380
193986582
194043927
58523670
69615641
207503385
151568411
11419675
192495645
151568414
227614751
192495646
192495648
214908957
15081508
39452709
31555622
189874215
214540326
245710887
83533866
174022696
147374128
182329393
165085232
174063673
174137402
42270779
13901884
41410620
41410621
72933442
9281604
2547781
155115590
237076551
186032199
44605513
212721738
173719627
68747340
49905741
238821453
95715405
11993166
194429009
56090702
3596371
14262357
219709526
175906901
116179031
28631127
248119386
64897115
240164958
55418976
92430435
116449380
192675939
113016934
17399911
245653608
216817769
80863338
71778410
63766636
211279972
232079470
52224111
58417264
67043439
15425650
108060787
109494388
90800252
75112573
92430460
63611007
155492477
98885759
79798402
158187649
114507908
212099205
246571142
62587014
208027780
179388554
214556810
46596236
7004301
21536910
44605582
183845005
81625233
81625236
158187671
231268504
6430872
171712664
159113371
108355740
246931609
2302113
226336930
41648295
207028395
51495085
23699630
228090031
21512368
19062958
233644208
1548470
247267514
103399612
97673404
2089151
63307972
43565256
156295368
189997256
55599311
52142288
78766289
154869969
208380111
15081679
64127189
220102867
25092306
105857237
48300249
63217882
15081689
11419868
198123738
239034589
189997279
24707296
36978912
236953818
46063844
70525157
218382565
202850535
73916648
217006314
184762603
203284717
12083438
180519151
220774640
44892398
17719535
187080944
182706420
163471605
41402605
33153271
114426103
235405562
166797562
17719546
119841021
182354174
232866047
163135744
194830592
59146496
223297789
189771222
43008263
71549192
156860681
4808970
154181899
197042443
76546317
35709200
46432533
172654871
84107543
55902487
210149655
43401499
24674590
82977054
230965535
114139422
106651938
6758686
245637412
232808741
204054822
6627623
198172964
62169390
39682350
152609072
41238836
156614964
8823093
59048248
20742457
41230651
239974170
106570045
218603736
98435392
113926468
91676997
228639046
119030087
8995145
151920971
229974348
187457874
245506387
73761106
228917589
246251861
20840790
83288404
192389459
44884314
246251867
246251868
183165277
46235998
105898334
58491233
81412451
188563811
21569893
166551908
198664550
162832744
202875237
116679019
234840427
57670124
17973615
223478135
62366072
115024251
207405438
192045439
31719808
53617026
81412482
222249347
156574085
235782536
226369928
101777802
113426827
64266634
7790990
11059600
100991379
100991382
157344151
89465238
186687897
240624022
226525595
185057688
232038814
220848546
101491108
24576423
52347306
5702063
5702066
51216822
223076791
110895544
174318010
6578618
210043322
69951933
176177598
246284734
85352897
58048962
205300163
68575683
174227913
58663375
221823442
13926866
81871316
229466581
27148756
237076955
229704160
212427233
214122977
90325475
37970401
154755557
204202470
168722914
185385450
113189358
105759219
200589813
93176309
195084792
247693819
158188027
67518976
40378883
236012035
240304644
44548611
171860487
202064392
45138442
100286988
19620364
236020240
84648466
163725843
106193427
173998611
40976918
79594007
102621720
100033049
202875417
245899803
237068828
72483356
73064988
34144799
158188064
232636961
80290338
21881372
221659680
68256293
235471398
201146921
61923883
168755757
212230702
27009583
158188080
10052145
235536945
234480179
154755636
239977008
38126133
242098743
99394104
11452986
174613054
152822334
62587456
19210816
239977024
239977025
119120452
190005829
73065030
239977031
151626312
53273163
16573004
41370192
209732177
222429778
226460240
18276956
67019357
109511263
28820064
113468002
189989477
41419366
229704295
158188134
116433513
188482155
23888491
83149421
61743723
179257965
72884848
233431665
3441264
200876659
3818099
246702709
99091062
235078262
82993784
201802355
113820282
55763579
80863869
85631614
66216575
226304638
168133248
98026114
211436164
55304836
237544073
23888521
29016716
54198925
179085964
169181837
47923856
235659920
170869390
239977109
48063126
164659866
199287450
205562524
174170781
103645853
92095135
194634400
105562784
31269537
200131235
27140770
105751205
238633638
90292902
26108578
12075691
211108524
31269549
205071022
65938094
153608885
1983160
186737340
88179390
204030656
224264897
179667650
115417795
224527043
191849160
218637001
205865676
204030669
230400718
70353615
117285581
105759442
118751955
17883860
14418645
154362582
72172247
58917592
15327961
203932373
31285984
165577444
184517348
189989607
21963497
156787434
205865706
105759468
180822762
81412851
198902515
212640500
45851382
223224570
186163963
156271358
204030721
81412866
104039172
215081735
31335176
63865610
70353679
104604431
188547856
62276371
81412884
161997589
112739095
169149210
204489500
203531036
188547868
154075934
102892320
70353697
146826018
231359266
117302050
42910499
235307814
186811175
102892331
219734829
102892334
237134637
173851438
156590894
102892338
230974260
77128504
109481919
102892347
102892348
91538236
1524540
102892351
116622143
211845957
195494727
81412942
212992847
67732304
204555089
173491024
229253971
226943828
215524182
245998424
93930331
155272028
175948635
102892382
165946206
19645280
32457569
1549149
2949988
102400869
116286310
4678501
70353770
102892398
78275439
242377584
102892401
171475826
103416690
2949999
212681588
162431856
242377591
221258616
215524216
47211386
6447994
63202172
242123639
151348094
241673078
9233282
11043716
227099524
214483846
174744452
217924489
191685518
150332304
220922769
210543507
116171670
236643223
6669209
102876061
233399198
43713441
194003874
2999202
2999203
52536229
97821606
224641959
6587304
7766946
91874220
19317677
53191598
39109551
216875950
242148272
115450802
41706418
2950067
81290166
21701558
79496119
70353849
64807870
67986367
15492032
223110081
115803073
60228548
244556741
154616776
116491210
231613387
240337868
55493584
162104274
155091922
115188692
77767638
53167063
97117144
5915608
154870744
223110104
205374424
229204957
223192029
177169372
12821476
90874853
146809832
211141608
155550698
55493610
101663722
40289263
197084143
211141620
239739894
229204983
229204984
41141238
24740858
229204987
210486267
205710333
21857270
242344959
26313728
219366400
158704636
38052867
31900671
53658630
247628810
211018762
231040010
211018765
205374477
235267084
201196559
7848984
186221593
94561305
238011418
169706527
210093087
24159265
20349983
169960486
236921896
109921321
210093097
60261423
29058097
165454903
234693688
169706551
6202423
55004865
235824189
245695550
92079167
168117311
245949514
153969738
247358540
110847055
109708370
226526292
80405590
201516118
156001368
71591001
209093721
110847067
6833244
186115161
186221663
80864351
221168737
186221666
248104033
65643622
199197799
208970856
195789929
235316330
47481963
18220139
169706607
150865007
245695603
244769908
246301813
100131959
10658936
6464637
246301821
246301828
246301829
214992008
188638345
21759119
229328017
64873617
41108627
6833302
65643670
171066520
115606679
175973535
212714658
167306405
195814565
194733223
187966630
47482021
246301863
101459115
246301867
94995629
246301873
116532402
21636275
63857843
212280504
157541565
187827390
8823997
2958531
193692868
36586692
113501382
155772103
71779528
187737292
168715468
63014094
168715470
72860880
159999185
55493843
227419356
201688285
20309214
187737311
227419358
48497889
2958561
214983907
214983908
45450469
219743462
214983911
6112487
202728678
32457954
2819307
73876714
117646573
205235440
116679920
205800694
32097527
31687927
233579768
168191224
104350971
77227260
8103168
246301952
150095106
151430403
176121088
227124488
9717000
91211018
99730700
82519309
19039502
246301969
236963089
86353171
170534164
236963091
191800600
41362714
171066651
234317084
61850908
110617886
14148895
62162214
219596070
146572584
178103592
1066282
26977578
100394282
114771244
246301998
71460144
55821616
171066679
164939063
1828156
178144572
50890047
42501439
205260098
88515906
76195140
99468612
234317128
36488521
172328265
223216970
84862286
214058319
174785872
13854031
205727060
118375764
145401175
174605665
238716257
52348257
209249636
92071268
28378470
89425255
158311784
75572588
2852206
104580462
84731249
11462005
208045431
94307704
67962233
236324217
186533241
176383356
205055361
231236995
177341828
198051203
14714246
49481094
195560840
227231112
27002249
201852299
3007883
202909069
82789770
38782344
212092304
182486417
205374866
65906067
6595988
3302809
151602586
58844573
66110878
32236959
164521375
58844577
1697185
69346723
146597281
34956706
235857311
109503906
234702248
174024101
81634731
75367851
191161773
3450286
202040751
19383723
115336625
216679858
238716338
154912180
62678451
153568693
178865591
182207927
218260923
209880508
7013821
82003390
69346752
203695553
158320065
188458435
220784069
203761096
26174921
216614346
212092362
7792076
31901133
39577038
81167824
4728273
154715601
7071189
199402966
64742871
150521304
69346776
220808666
64742873
7071195
26314206
95757790
231179742
22922722
194012644
221717988
226993639
199697897
67282410
21915117
179422702
69658095
226518512
56010226
11642355
5055987
219506164
69346806
3556855
165094899
201909758
222307839
246212097
9225730
116278785
106644996
33203717
116254214
158205446
8300039
16729608
4711942
80389644
69346831
199976463
160089617
63489555
223077907
187459092
83068438
38864407
182691352
247842326
191784474
113813019
75621915
52545053
194102814
223077915
100992542
20399643
69346851
62015011
213100067
95716902
180815397
197903912
106350124
190416429
180577837
25044526
174835248
104752688
94799406
233211442
68298292
39372345
200451645
186385987
23725637
19383877
237061704
109585993
200500809
156329547
182978124
238921290
41895497
209438291
2950742
66037337
227001946
92423771
178579038
220202592
156763746
200451684
48473701
200451686
11986535
181716586
112035435
203015789
211871344
119694960
2008688
92972659
171042420
227247731
153806454
54765175
171353719
166274681
51103353
1771131
62359157
161998459
37054082
63661699
12101252
100992645
100992647
237733517
80586381
206734991
150488722
232203923
41551510
4417175
9987736
28010135
154912409
31385238
92169884
38086301
28771997
178644639
198837921
238954146
75048613
200492711
210511528
210675368
245655211
32548525
220251821
213616301
38594224
171157169
62621364
77039285
150996662
4679352
22546110
95438527
177972927
22914759
163497671
146663114
80529100
62187213
160376526
177972943
166512336
206718674
38504149
178644693
220571351
225101528
118154969
11011802
190482139
177972955
25011928
227600094
18573022
177776353
177776354
185796321
30066406
240609002
215377644
162981615
249145072
45418228
225314548
3303158
26707710
39708416
18466561
176023297
84371205
170862342
46892811
211126029
43429967
48621329
220874516
55011093
93529878
204965657
78579482
104425243
194266914
239920931
44975906
20023080
196495145
217458476
10577711
154642224
87164724
160737079
80602937
154093371
161302332
173582143
211879744
55052097
199526208
103622465
200517444
61491013
203720517
201189188
19826504
61491017
39069513
61491019
10577740
61491021
110266187
103622477
42305356
216942412
239093586
10577747
109274963
161302354
2516821
80602967
9570136
222398297
52995930
28436313
238946137
8357719
173819743
119605089
41133921
21964641
41381680
173705075
207169396
32663414
194217847
151439223
62334841
62334842
8996731
216663931
205563775
110110593
230688643
235472772
12003203
38315912
40806283
207169420
238725004
87975820
113584018
109471634
4933524
230426517
179079062
213501847
189048725
150333332
9996186
39217048
200042396
14854045
14395294
151660447
15067040
169207715
235472804
206964646
110905256
194676649
20277161
188909487
113092527
175171505
50833333
107505591
17639351
154347450
164652987
33793979
57124795
36718528
4753344
4597697
23898052
45164485
57026505
45942730
204580812
227493839
41265104
8996819
59836372
62334933
161941472
2295778
92055523
19646436
174131173
54872035
62846746
154675176
163817448
168142826
19646445
215025646
92080111
227575792
243836913
200591346
93267953
83093492
201844718
230524920
15083515
16648188
113682431
22915081
199575562
67717134
210479120
168323089
54618134
92080151
203335702
182306841
189990939
86214686
113879071
7522336
19376159
163727397
92080168
195389481
227428393
221685804
212363309
205654061
92448820
173959223
240150585
19204154
9914426
1550395
59148351
151816260
163727429
155322438
181594183
14370885
19646537
94578763
62851147
91202111
94578772
83052634
175016026
173213790
38545502
164685922
2828386
97634404
247973988
112994406
170387565
170387567
23218288
210307185
201689201
23218291
23218293
58853494
31664247
74844278
181946489
110504055
157206645
100952188
186566778
151816320
2295938
79554691
235325573
20179080
207087753
31565966
70920336
185280657
58853522
151816337
77465745
36890773
21964949
83331217
230762648
19351706
62367898
213010589
26978462
151816351
42846365
85395616
95404572
164472998
31721643
199878831
72698036
157206708
42027190
63506616
119793850
56928442
20580550
231295175
67848391
68929736
187304139
64694477
38365391
183085264
99969233
223365330
83028178
42248402
82233554
91711706
68929759
2484449
185354466
209258723
159082724
41109733
168700134
54946017
92154088
195455206
29853921
69372139
33319148
5097707
159262958
241641709
207833328
34253041
85797106
1722611
105269489
59214064
82536694
80038134
150194425
27838714
106834169
209258749
67684612
97159430
107833606
59615495
171985161
158329094
208292107
69363981
173189389
182044943
106072335
119589137
174663953
95684883
151349517
168151313
17688846
151488782
21530904
195594521
178579737
158329111
57116957
97265951
42518817
168151330
51144995
7956774
113658151
113658153
35899690
14772523
186247471
43329842
42961202
23767348
150194485
27052343
176171321
91531581
239782206
213207358
41093440
20105539
15722820
18573637
145557829
196299080
199977288
84191562
97200459
150858056
51718477
12421455
186157392
157682001
73787732
34253141
158378326
238635350
88762711
214583643
31656283
231950683
14854494
59517279
82119005
115878242
181422435
203770210
161450341
985446
985449
156731754
20261227
200657259
212969842
181283186
200591733
211454326
93538679
189991289
235800953
26731029
151005564
157026684
115878270
14477694
202295681
54970754
208292228
167184776
103147916
82463117
23841165
240085392
41413008
200247702
26731035
15772057
152242585
158189978
105048476
6752669
34548122
36571551
28584353
242723236
61368744
108857768
8153519
155117999
158190001
235882927
202844595
46287286
46287287
171010488
52562360
97175992
42797494
158190010
227461558
167184830
73787839
170944960
195193281
99051964
71281083
34589123
85576133
5532101
92367305
48196043
68733391
45222352
93047250
165112281
60778972
11512291
73787876
150268390
2763241
110037483
68938220
46541293
203581934
63850991
106482161
213445106
190007795
83290611
26724852
65767927
93242360
108128761
206703098
110037499
216418812
101239293
41634304
52562434
115517954
40716808
78613013
112749080
38545944
189975066
153528861
92170782
176179745
15518241
244648482
37358116
112126498
114764323
33163815
115198504
227027497
216664618
89106979
23898669
61303341
219720239
51989039
83331632
229313076
29043253
82774581
18238008
10766905
96602682
193743417
229206588
212724281
183429688
171862593
229206594
185313858
209095233
229313093
96463426
84855367
150194761
70969933
29362766
153725518
6621774
196545106
45304406
119589463
68250200
47827543
229313112
211970653
31623773
240822877
164358749
43747937
46131805
50858597
233638504
63531627
165898863
26839664
85944945
28977778
117213810
27748978
239815285
31591031
232925816
22776439
232761976
162974334
39561855
38652543
12487295
95627907
35703428
111872646
201370247
83044999
24464006
55798412
47737485
220859025
220392082
95627924
66570904
102689433
47737499
66570908
183585438
233400990
168241826
242150052
92301989
78334629
206842534
95627944
222956202
113306283
12683947
26127020
78744238
92301999
62704304
71502521
16509628
183585470
46262976
183585473
8596163
240233156
203533000
230271688
90000073
209111755
179391180
15436495
43354833
235440851
39930581
8596182
105761495
209259226
22989532
242322143
7367392
3771108
238856934
145574630
80038633
91753195
184306411
240102124
172747503
21719793
181250805
45746934
78744311
100633334
220072698
164334333
85437182
81939199
233024255
180873988
237595398
184601351
237595399
895755
201861902
181250832
23726866
181250836
112970517
164719382
108669719
158190360
36646995
96750373
158190376
6949679
70830896
201993007
216795951
1469235
69897012
104966965
40979255
184347447
181504825
22899514
159705915
205376315
188418877
28412734
91753279
159705917
180505409
158190397
6867779
158190402
205376324
110005058
81701695
43010888
21457732
117934920
146796329
146796330
146770766
90581841
97184594
110685011
2296659
242764629
44624726
176450388
75852626
24931162
236104539
237570909
236104542
12610399
152243038
36268897
217377633
2296675
205376355
206891877
116378469
72911719
6458217
86190954
158190441
45517673
23702383
216664944
21498737
52226927
17574779
217017211
241847166
75787135
85846911
5163906
174943109
15272838
158190472
242076552
24071048
7826313
200199052
28273549
41315216
94555026
41143186
158190483
59124630
33082271
200895391
225455009
17558432
68586402
153897896
101026728
238922665
28593067
238922667
210095016
110046127
195570609
73829298
179080115
176360373
154610613
204016567
40438717
210095041
2296772
8063941
210095048
81316810
208743370
227191755
11561937
99118034
54897617
14101462
29109207
115133399
19958745
202886103
158182363
178588636
186387421
9432030
75508704
242559970
37907433
74263534
225725424
92457969
29043697
54692854
18631671
117828598
182143996
214379517
211594238
73853950
51383296
240724993
189451264
19360766
226331652
40709125
83176453
242797575
193858567
57134084
62204938
119647244
214690830
71953424
111930385
24439825
113593362
15592466
97070104
185715737
184290328
97070107
24439836
234253336
104877087
33967136
38439969
15100964
230591524
66522148
201042983
209275944
31419433
222940206
20155439
18762800
54209586
109464627
221826102
46369846
226921530
183061563
150211643
22490171
54307903
102624319
117328962
213675075
61975621
62123082
216804427
216616012
72543309
90344526
71068749
244247629
102722636
6179924
216616025
31419483
102779997
109497439
24439905
158092388
57085030
110972010
220417133
210349167
9419906
18992242
103410803
220662898
9276536
35359865
155888762
114125946
96889978
201518205
19917950
94006401
85044354
162933891
31485060
10587268
171609222
245050503
35630216
20941963
41168013
242723982
102780047
234638479
193293457
116165783
68897945
108891289
95743131
35048604
157740187
1469598
243403935
10751135
198552735
190033058
1469599
70298788
109948069
4631712
19303591
100723880
105852073
3738794
61492394
79465645
190442670
25406641
26717363
212651188
78605493
89574582
114953400
213011644
38440124
212225215
27487426
182381764
52128967
87583945
246254794
52366539
205327567
17591504
183897297
65916114
225643731
247352532
16182484
231091416
156912857
176688346
4271322
50883804
82406620
246590685
9325792
25095394
4025571
170790119
97627368
235138280
108670186
199765227
89918698
53767402
26176744
70495477
2837751
36760824
68971772
115084541
21875968
174353665
216796419
43289859
212372741
85789955
218664199
18222341
9325832
209005834
2837771
63261964
26504461
196996366
11619599
77196559
93555985
218123538
43478286
68971796
228052237
207375642
171978011
244993308
217140511
2837792
21572897
166743331
245509411
10562853
196996390
209685799
2837800
214699305
240823594
235121962
111504683
31567151
81259824
166792499
202796339
110800181
81259831
204623161
67054907
76705084
3681599
22957377
27839810
161238341
77614406
172346693
217288009
2837836
199822671
2837842
46419282
81595734
103492952
2837850
26217822
183274851
89451875
88608101
171076966
246590821
92990824
193719656
238562666
242724201
21638508
183946604
238562670
42904942
5991793
65637746
184659318
17927544
93678968
7199062
119451000
214494589
207285631
188591487
35736961
203730307
203730309
22695302
155250055
203902342
242257290
46779786
11267466
162868621
220884366
114126220
229739920
54242704
113618314
180227474
114904470
219549078
60403100
193760668
185634207
43290018
217157028
61894054
161394087
171617708
10497453
58551725
235769262
117673392
10497457
58551729
235769263
47050161
221130156
241814966
246549943
167685551
247344569
201969082
235277754
24587703
19885496
153447870
34352575
170659264
33074625
226364865
65785283
219049412
114265541
45952454
229862855
168914376
97840585
181358028
156241357
238415314
86379987
24489428
84995541
247533013
189672916
182693336
163466709
33467861
155856347
81292764
72027611
146771416
203779551
231329249
104508899
84004330
24489452
200519149
26856942
38587885
238415340
46214641
73838066
160361967
228194620
3747319
10595833
8220154
146804219
109694459
41037307
38694395
150498815
151301631
234204672
239980032
11931137
79719943
35212808
113561096
62819847
3747340
58453519
15150609
214969876
41414164
235941398
218811927
97209880
233590295
158354970
179662363
214969887
11095585
200396322
29855269
201297446
182382119
147344941
21524013
193539629
163696173
7540271
198397486
93113912
20237881
100068921
89370171
212676155
11095614
116534852
182873669
6827590
214027853
12037709
156282447
97070671
161328720
82212994
212110932
116862548
90672729
83193434
7540316
214969949
68873822
235343452
235032162
82325091
83013220
92499554
116485734
12193383
71257699
63524460
185347694
27553390
241315440
233852529
217001587
5197428
230936182
55701113
115871354
160493178
237571707
106081915
196087422
240258686
234745468
90615425
221752965
45198983
240340616
31559305
93097609
5516939
242560648
219418253
114224782
188550801
78605969
220191932
215764629
239160982
18329240
242921117
234204830
81809055
32206496
66571934
215871138
91614884
96956775
33091241
39063211
91934380
188214960
240340661
212962999
212905658
44805821
158928575
59035327
191188672
54841026
33722051
48967363
184323779
237907649
66252487
184323783
58666694
81809098
12218058
246542028
64761549
46976717
156700363
155127504
153571023
2166484
1535700
241233624
236048089
88182489
115027675
119819995
105721561
115175129
21999320
234606307
26111715
155619045
81579750
54898406
194875112
25308905
80047849
7220970
8351466
212856553
39472878
41193204
90869493
19574517
156004087
175853304
247353078
10850045
27373311
158183167
52932354
62664452
19861254
88002311
183176970
104869644
1535759
32575248
159985424
185364240
103665425
197103380
236474137
67727131
229756703
66498336
38465315
70045477
96407333
219541287
217403176
180203304
146796325
146796328
27586348
167022381
24194862
64745263
200814384
119803697
246542130
75788082
37924660
194932529
6385462
118755127
77631288
242880313
195702584
242200378
155701055
167841605
246542149
8023879
165457737
36573004
69988175
234557264
234205008
212299603
156299094
182071126
225627993
204148569
113184603
246542172
103673696
39227232
110833508
205246308
42102630
151203687
6729573
53415780
101642092
167022445
11325294
9449327
36204401
40972145
81121137
33099637
12201845
77262713
11325307
160894843
150851453
101642110
100691839
71069568
187608960
7294848
103600005
103600006
72241029
26120072
2887561
103600010
203222922
158330764
209252239
158330769
11325330
189845396
244494228
81776534
18640792
194146204
47861661
231968670
17330080
174026656
169078691
27635619
195243942
174124967
164720551
231968679
150425510
216125355
55029674
241840047
240275376
162828209
68317106
25030576
110137268
234819504
21278647
23474105
200855484
202043327
202043328
202043329
231968703
202043331
57978819
153702341
190435269
231968709
202993608
231968710
231968713
161296331
230903756
80449484
27635659
164491210
68751315
180531159
115191767
43241433
77729757
82079710
72151006
161296352
68751331
156880868
76287973
39399398
36294632
73748460
102772717
162476013
242175983
17330161
98709492
101593079
156880889
71077881
78483452
89092099
154677252
118394884
205426695
40988681
172044299
156880907
85577739
188477451
166219791
234319884
192581651
220860436
197423125
54890518
43282455
45584409
239587354
247443485
186249246
46215198
103370785
193024034
21680164
54890532
36900902
103239718
50819112
178925610
217247786
233730090
183005231
167268400
217247793
217247794
239792176
8605744
188477492
159764531
242274359
173928505
202051642
33722427
232083521
22507588
72544328
220287049
197423178
179490893
109654094
220262479
6312016
246542415
91000912
237178963
214241361
6115413
216789078
206925902
43012184
170553433
217247832
153997398
174469211
26538077
206680158
1822814
188477536
9203808
195334239
230748259
153997410
84013157
162426977
153841767
7245922
12005482
155144300
155070573
46289009
12456051
212217971
201527413
41136246
11325557
68014199
205893753
68014200
241668212
29053058
95867010
50901126
37777546
166776971
98578574
154693777
189984913
194687123
200593554
198840469
153809045
28004501
205254807
177385626
61829274
178639004
19509405
195817629
61812894
9449632
200495264
101544099
76279976
209268905
231026858
75796651
246575276
178630827
241135787
172159151
57692336
200003761
217403571
178704566
163958969
57692347
38211773
161386687
118943938
198389958
214454471
97751239
6164680
7139532
195834067
78270678
8171734
167776478
152735966
224358626
62288101
95727848
158290154
69841134
32870642
13807866
64917754
63435004
7713021
204148991
153899266
102732035
161190154
167809291
156569869
212848911
4894993
146805013
218747158
167727382
208646421
117977369
62697753
36581659
158331165
21303583
241135905
206696738
158331170
61313316
61755685
193704230
97022247
97022248
195301670
116150569
51540267
113111334
116150573
193704238
86356269
71725353
46117161
71356722
155095346
153489717
229265720
196997434
224538940
220893503
232067391
58847553
10924352
39817538
46821700
84881733
47706201
223932743
182333768
240636243
218141012
7598422
15201978
46813531
233271643
154308959
30151008
231223649
189895009
220901729
109629796
97202532
37769574
227250531
176230760
77164905
97210729
170266978
77164908
51786088
108433771
212767085
235762032
86823286
10670455
245035384
118124923
21606783
205894017
247558530
94810498
21483906
235516293
217854342
85324166
57571930
2560396
108507541
63394198
31052184
159576476
188666269
211300767
11358626
63394212
200356262
169464230
217649577
220901801
75665837
35778991
192197041
156758451
168456628
194679220
5476788
35991989
115003838
7827903
115003841
64909761
226529736
174125512
23007688
241119688
192197068
39113166
83055055
100708816
4477392
208572878
181342673
166769108
110997972
31322581
217108951
151196120
200577495
215257561
220516825
31592924
67957208
27382238
97391069
150729184
218001881
217108962
211808731
204460516
75264485
247337450
150983147
220664301
166769134
58798574
234492401
86348273
176050676
178721268
47256054
117371382
201789944
15372793
71725565
54997503
91156993
173699589
173699590
26703784
171495944
183104013
192885262
25489935
115003920
237285906
182989335
35631639
38687259
54153757
240308767
220041759
226357792
226357793
170816035
7770660
235770414
183570991
237285937
186257971
7213619
213324339
97292854
4764217
41415228
65647166
221631041
31683138
208933445
239743558
81130054
114143816
18911817
109457990
229552711
229552712
79745613
114143822
215921227
215921229
11489869
211210834
79745619
200536660
168628819
229552725
240098785
66687578
229552730
47788636
229552733
158012002
211997283
158175842
215921251
241422950
66548324
162378348
242078317
32633454
219632240
161796721
232084084
46371447
56291962
95785594
118944379
105863154
104714878
170553983
39195264
4715137
151310979
162378373
153604742
26243724
7910030
92304015
247747216
69808785
89739922
25301650
174346897
25301653
154309270
97800855
212710040
161370772
242176659
190403229
94409375
31265445
86340263
93532842
199578285
27857584
84988594
157528755
233566899
168694453
166621877
16683703
31650488
188207798
195801787
39195323
6484675
39236291
58839749
58839750
242406089
34370250
39236298
204624588
6484685
227029710
146600652
166621901
39236299
200364754
239252179
92402388
195539670
55268057
167670489
39072475
63476444
171160284
151098078
20771550
181416672
229364448
151974617
231027427
226481978
183030502
193770214
93582058
105665258
55726828
118944493
178942702
39195375
11137778
27308787
5337844
230716157
161944318
200889087
6894336
158446337
89559811
19378948
62255879
240194313
246625035
101487373
91493135
115872528
166499089
161862418
33125139
115118868
28381973
158855953
212906775
182129432
177672984
242135835
158855965
194712350
39244575
226218783
66163489
146797344
164721443
55522083
119706410
172266282
146797357
150590254
64738094
103363376
170758959
103363378
44020528
161289012
217035571
146862903
203256634
219960124
231207741
218657598
95728449
2888514
151360321
10851138
212235075
66499397
28881742
176354126
183604049
72676177
23335764
199881564
158856029
155702111
71316321
26850145
12620644
17830757
29021030
181359465
25031531
241234797
89731959
171021175
72643453
80245630
200553343
100184963
6632325
64533382
176108424
242750347
150147980
179590029
199742349
69833616
204059536
226022290
96080784
26383248
38523792
14480273
2503575
14594966
190837657
183333790
169284511
18486179
215593893
69677989
166663082
220418987
150041516
220418989
166663085
81859503
173675440
197997488
188478386
166663090
10965942
187773879
96154551
79459256
5608379
26121148
15332287
81802176
228848575
181752769
29840322
22377412
187773894
80253898
82965451
5223376
205534161
206853073
31953873
8967124
110580693
214168535
9294808
166622169
184636383
152212448
41161696
162558946
176894948
182899686
11285479
232870888
168637419
158217198
154924015
238998511
115921906
8967156
28341238
43668470
234091511
209114103
36647926
151000060
11424764
23270398
54998018
226694147
6321156
23237636
103601156
72487943
61625352
207451139
86062090
59462667
219067399
106157069
63730701
179901456
201421842
68301844
204026901
73806868
104977436
202896414
113767458
160150565
160150566
63247397
11424811
169546798
74298415
194720816
244085810
28603445
203789365
244085815
62583864
3585079
58504250
203355194
215086141
113767486
15053887
21533770
244200531
92091481
174579170
63247451
109638751
241865823
215102561
235058273
215102563
71144543
169768033
92951657
155284586
5772398
163468398
163271792
108696695
100709496
104371321
236704887
236704892
9704574
184644735
77780096
119846017
194630786
218731652
192164999
78935175
7935115
156415118
114406544
168137873
72889490
3773588
29013140
114144407
114144408
80147610
18838684
158356638
175912094
42841249
48813218
181040290
38106276
224359586
193737894
41366697
94352553
105723051
25220269
232928430
216659119
19444912
52614319
52622510
159577266
244004016
4412589
198218935
105862327
83326135
55440572
232920255
8443072
216659136
216659137
234894531
216659139
87839935
112473286
39146690
6902984
64771273
163468488
63886531
90993868
154694861
159577293
231150792
39285962
198194385
208762066
221304019
216659153
73659601
25449682
17667285
67704024
81237204
158356698
34239708
173987036
65565918
79287518
80860383
174249186
80860387
196089064
151008489
220042472
211121387
7951596
194761966
49706223
20477168
20477169
27505907
200389876
216659188
8942842
146863354
157537530
159790333
40858876
55440639
209974528
2987268
156235014
48968967
216659210
57832715
29332746
19502349
159790349
216659215
216659216
156136719
154531090
98548204
19379476
214529302
241079574
97195288
201209117
159577375
216659233
102036770
104338723
158356771
15111465
200889643
104568107
98784557
226972971
225686833
220157235
191337779
199955765
223687990
42825013
173962550
84907319
40351036
41203005
100275518
10900797
34010431
215414082
83465539
222049603
238286149
114537799
174806345
68965705
173937994
200291660
242840908
221484368
62715217
224621906
22361426
15144274
68744534
242226519
12629335
81376598
166212954
235623766
234550620
195302745
26711388
19502432
216757602
42825059
208368997
41031014
208368998
82089320
83170664
241684831
50099563
78460267
89568621
237131118
42562928
208680307
68744563
242808180
182744437
18888055
233485688
65705337
199513463
42825080
41366901
39499133
19240317
23876992
41031042
111883650
8484228
28333445
41031044
223655301
55309704
247747976
75928966
215414150
75928974
167572881
89961874
60765585
43619733
166213014
181974423
116479386
103380379
113030555
233469343
15250848
51959200
112727458
237188513
48330148
216159652
45299110
11842975
20387231
104969641
1512871
26367407
82777524
112539061
242881974
236459447
170382776
234362297
105878972
33174974
164902337
75929027
192583108
8902083
236058055
28456391
41080265
189994442
62625227
33748428
62633417
32445898
190281166
37336529
223049172
171439572
164017624
105756127
164017631
221672929
202872287
18142695
105756136
154580458
153589226
163280364
188487149
15201772
9958894
40367598
50779633
225654259
238605812
192583157
189994485
189994487
113423864
208967160
184587770
245183991
147346940
4773372
238835197
22509046
230635009
82982404
83162628
35681798
61798719
158471691
40351244
246011405
192583193
101701146
195352091
211146268
1103389
19297820
7968288
192583201
215266850
193713703
18912809
220706346
168498731
235853355
147346990
17798706
110818867
57128501
39556662
39556664
39556665
39556666
103593529
156309053
107484734
238835261
167122493
93279807
22476354
168580676
93656645
226358852
69318216
67819083
171988558
33289806
76863054
62821967
199882322
115324496
6290963
171996757
45454939
166057564
42694237
164927073
224368226
43030115
25015909
194229862
13923944
46667369
32470635
45930094
117528177
64271986
11425395
154203764
235615860
113104501
154498679
50894456
2291321
193894001
31381106
213472894
184505982
31381123
27612804
14415493
27612805
109393543
227481221
41392218
86316684
43030158
108304014
200480401
181912802
199538323
81843862
246470294
75118230
164910743
36681373
212588190
188593822
204109473
79410849
64329378
214857377
24065698
79410862
165746354
208819891
158103219
237631158
207410874
213718714
178566844
15636156
177780414
155195071
196335294
93443777
204117697
108385987
150279876
193836741
105780928
98358985
54834891
19961548
110696141
194189004
194189005
164910799
239580879
158185171
26171091
240826069
151353047
211949273
8591066
21690080
8550113
77854433
27047649
169793248
113424101
180983529
239752938
84113130
150296298
154064617
64198382
52360939
161478377
220419825
19879668
45160181
117790454
231364344
220854012
163075841
179369735
29234952
81393418
55711499
202872588
12048141
247551758
62445328
77805329
177002259
182515476
85907222
110745367
159045401
182515482
11089691
103511833
178788125
6461214
89995037
21575456
237614880
101005090
27612958
170833701
48789288
198956843
34879275
33126189
174520111
26269490
240834355
226080565
201496373
192100151
195409720
76748602
212563771
193206075
58464061
31258427
170833725
235042624
159364927
229898050
199702338
216987460
174520133
2938697
63690570
238294859
74782540
180287310
119125841
67999575
247838551
27572059
232781659
173217630
190117726
219920224
195581793
178050912
145667938
224253797
247347045
6936424
21731178
69343084
43292525
31987566
32012146
237229941
113039227
202995581
151697279
41260927
204240774
162420615
26196059
95999887
163084176
150247311
27555731
95999893
212981654
150247317
222713750
80107415
43579290
93050779
229070748
206657437
179435420
47830943
203249565
62773150
67311522
19863459
230561700
17676197
204953510
113784743
50362280
80500649
162387880
151205803
225310632
184137645
20166574
192157615
195983272
240973745
85579698
65099699
209237940
205690804
76748724
205723572
3307448
7550898
146847674
19863477
82196413
240146366
105519038
106969024
145422271
11794366
217929665
16152510
42907583
82122694
82212813
36575182
179615695
197040077
171497425
222468049
83335122
70350805
152696789
46880727
195753949
6485992
97613806
7084015
60823536
97613808
39622638
60143600
7084020
87824373
179615732
247257077
174462959
203732985
223221752
57087995
6486012
35624954
70875136
176289792
51042305
227096579
157054980
106813440
101398534
99596294
119535624
63510539
104970252
201775117
110811151
202635280
63510546
63510547
38254611
244906005
8329238
218069014
198547480
63510553
37885978
116144153
97613855
236746784
40278048
176781347
63510564
229734437
31553574
175912996
200030248
212564009
168212517
63510572
118708268
72579118
65984556
63510577
233371703
63510583
65796153
65796154
85563452
168212540
175093823
154048578
66910275
200095811
35780678
211957832
174463049
61995084
5355599
84039761
45299794
57784403
106002516
227375185
16095316
211392599
8575064
69761113
72751185
147028059
5355612
180820057
42031198
84039774
163780704
83540065
69302370
236640354
3709028
152115301
211359844
63510631
7968868
45774950
220362857
63797346
217921644
194877546
60676203
89487471
95795312
187218033
205256818
94361685
5355636
174045303
155867257
32290937
114407547
55400574
19675263
224671873
9001090
62707843
31070340
203536517
220887172
77895815
36501633
16611463
241031297
199530635
63510669
105478285
237705358
15243408
14276752
4085901
190232717
54556823
119789720
168114330
103618715
65714336
203536545
45209761
84097191
204150953
84916399
180426928
179206321
171301043
36731060
221878453
54884533
194508980
7583929
105052350
239122624
218396867
99760324
203749573
170686662
85629128
26745033
52099274
74856649
201783497
160372937
67827918
46987474
76413139
155359450
16668891
80992478
172808414
19618016
46987486
241023200
68090080
242202850
94468325
76749029
176011494
119691496
55212265
184006888
212728043
203634927
69015794
182163699
11598068
168327414
94468342
24615161
55212282
246569211
222017788
200128768
232028417
27818244
94468357
155326725
189962502
174004486
94468361
36460810
34896139
204519692
227637516
200644875
238967060
83171606
65100057
19962138
162806042
241711388
158546208
154343714
24951074
54630693
222705957
223492393
54901033
68753707
106756396
184760624
227416371
236714292
113842486
5830967
222411062
163207481
245684534
81090870
62011708
164903228
193820982
52091199
23771456
23230785
44341569
198809923
9288000
245553477
245102918
52353346
237140296
198433097
203061578
42801481
145717577
7199054
245446992
62011729
161864017
14965075
150845781
188758358
176699735
244906327
23230806
29022553
158103897
205846870
64289116
64665950
73750875
176093531
212433253
57448807
64665960
31897963
229357933
36698480
3045745
168941941
11975029
168122743
216922489
161290618
115276153
62404989
92199295
210352513
171555202
69343618
1808769
110041477
71448967
119216519
44513674
197007755
7747979
80165258
175888782
238631311
180459920
190536079
230562194
225630611
7199124
224355860
159381907
81181079
189938072
159381908
159381912
239851931
3430811
96319900
245750173
21584287
182851998
20380063
9132452
203520421
6691238
159381924
114211245
96508335
26139055
239049135
170719666
209361331
245750194
71293364
21289401
178739642
208222651
66443708
115030461
161290686
105798075
19847612
163445187
100317636
88234437
3365316
14268871
167565767
242178504
3004874
240835019
178747850
62462413
161659343
22469072
239483346
94829011
238213591
236100057
106183129
115825115
236124636
16693725
229095898
170383835
14268897
164927969
7199202
22673892
39459303
194165223
92084713
82778602
23706091
216496618
187202029
164927982
168958447
81394160
180419057
164927986
237869552
62790130
91691504
79698427
178862588
218552829
196311550
198015487
11491837
97171969
57899523
16685572
56121861
28367365
175979013
97417734
36198921
203717130
74324491
71227908
194714125
7657997
44464654
54516235
187685394
112646675
43137556
70924820
49363478
239278614
7584276
108272151
27146773
244267542
68418076
154139165
5552670
118561311
178870820
19438117
226933285
85965349
159373861
217266729
8493613
9878061
112925233
150329905
68024883
205634100
14367284
95738421
84113982
151591487
46971457
164510273
46324291
173824580
31644238
10754641
188463700
33430102
46324314
47733339
198392410
153647709
151042654
100366938
78355040
97065569
164747873
188463708
223926884
56932963
62036585
200440427
153868909
190741103
235453040
78387825
93108848
217266808
34355833
119356025
25123451
11541120
36985472
110525057
237976194
107993730
221452936
216742537
39516810
88300171
217397902
7715471
84957841
239278738
67771027
230423187
57055891
99539604
7748251
74275484
190732955
162380446
109050528
163707555
69515942
246602407
239278760
14367399
3070634
165657256
158522030
28301998
96098992
243505841
240122542
193739445
41384630
112351928
15260345
232823482
180509371
223877820
115636923
45898430
94476991
170826425
174455489
210909892
176274117
219331269
238312134
191716037
7707338
213179086
92183246
103602896
236059345
16513746
100317907
169614034
7715538
19888850
40884952
235543262
69335777
104757988
152607461
182688485
227384039
193805033
204495595
172595948
246553324
150813421
92502767
215931628
151001841
200661746
175626989
82418420
11574005
27974392
99965691
114203388
209394429
88169215
55745280
57121086
15088386
27441923
244235012
223001349
184761093
7715591
205609736
216931077
168180488
31980298
227302156
22395663
226499344
15751953
17726225
11131667
163322643
211811089
115006230
153459479
159382290
236952346
174701339
245463836
226409245
88513310
91274016
190184224
242735904
7764771
19970853
194673445
247405351
161782574
66485039
111008560
75529009
101489461
62585654
105757494
41966392
45587258
68852539
214825787
153828161
247405377
187734851
225991492
88120133
242105158
7715655
150412103
190585679
93117265
172989269
95820630
195894106
225377116
93821789
247995230
182975329
12196706
246578019
180673381
63560551
158407529
183098217
6986601
116136810
66476906
83295082
53820273
7715697
203021173
171449207
216660855
161241976
216660858
55466874
10009468
189905788
168262522
162503545
11729794
107903875
20847492
216660871
21650312
158186377
51301842
187677579
43678606
67992462
216660880
7232399
231160723
95820692
193526677
54877079
106036121
51157913
115235738
32988061
46447518
238623648
245103524
208862120
22436779
212466604
241253293
35158958
9878444
159897681
220904371
8657844
236067765
65764277
162814901
109345715
162397111
75430842
220060605
107019198
97074111
241253311
158186433
5782467
54139844
43424711
156335049
168696777
16022475
119118800
179502033
25279443
232971219
236674003
78453716
39697365
189987800
154450904
8698842
225319895
40287191
68975581
22928349
112647130
170892258
41434083
96959461
226327526
214096873
113769449
166509549
166509550
245685229
22936560
22469615
245685234
85834738
216767476
109362165
166509558
226327543
239819768
9419764
156728317
97205246
210451457
175143938
11975683
41393158
95575047
88890375
245685257
31505418
64216074
119118860
41475085
81394701
50068493
116235277
21363729
245685266
116374545
79674388
48339990
154254359
26115095
112647192
204536859
72637468
59760493
51993630
108182558
195255328
14162977
197893152
210500642
13941792
64797727
204577832
27122728
34348076
14253101
157924398
25017390
28998709
37223478
202660923
242105403
59628605
233290813
78937154
61701188
21961797
18250822
114785354
234380364
110681165
81534028
200621135
206699602
233487442
211311700
240286805
21970004
239696984
202660953
169122906
174636123
247864411
29105245
41245790
233135198
233774168
41622625
31054948
192805990
213351529
78937194
64216172
232307821
175774831
24157296
65772655
184556658
95026290
84089970
11762804
96918649
76807290
105815163
64560252
38378621
70564989
36322431
55032955
36740226
83090562
50584708
105815170
46193798
188513415
171768966
241056904
158653578
211344523
105815172
203865224
187735182
48020623
232922257
6462609
150166675
93412500
147381397
114392216
19020955
27384989
65772701
70565025
62733473
19971238
45235366
193199273
239303850
240843947
206888109
187735215
95026351
219626678
150092984
64904376
187735227
86219963
240843965
104545470
8174783
203750588
240843969
107445436
15310019
85818563
153869509
27557062
150314181
55491780
187735241
21421258
81190090
179616972
168787148
245513422
213851348
154787029
101817559
200457434
106937563
44473564
50822364
68820190
66518238
68787424
146595040
67575009
165428451
74521830
224525543
69885159
246586598
117734630
54164715
63470828
16506092
97795308
217226475
177077483
17726704
213826802
72367349
244595962
108313851
57261311
245923073
24165639
163355914
55491851
63667470
33766671
200457488
158104848
41737489
46841107
158186772
112647443
108461327
70343959
100285720
104578328
238337312
146734369
151149863
69844264
247143719
228695338
107863339
11967783
85081389
102800686
92347695
57859375
150658350
186834223
105397555
235453748
57859380
210205999
241368376
82427193
12655930
166976824
214736188
21077309
69582140
167329087
179469632
115875137
61775163
172686659
226409787
57859402
93085002
197205325
41499982
179387726
110959949
185998671
5659989
21200215
25107800
96451927
158186842
114785628
34045281
10485094
241311080
174718313
6364522
42794347
53214573
158186861
102948207
40844653
92880244
50077046
185326967
151321974
158186873
239074681
58383739
68468091
158186875
240098684
204496257
162577794
179985795
190029186
158186881
175709574
60415373
237714830
83434895
210689424
11853206
227614107
213179803
171113888
24206753
33889698
190537124
72752548
82967975
180600234
61332906
227335597
222010798
226893230
40836528
150429103
93552053
25050549
157457847
154738104
21290424
73776570
69844414
236166591
157457856
159964609
157457857
55156165
11320776
170720716
46210509
97951181
157457871
104373712
172957133
240098770
86859224
210509275
3341791
58809824
214154719
108289504
69844451
235503076
113573349
12140006
10624487
113311208
226696679
228228586
191700458
53837292
28949999
172957167
61595122
57368051
1703412
86859252
102907383
39534072
235527673
21339644
93806078
41074175
51478022
6356487
113311239
240844296
215858696
236035595
48913932
68730381
240098823
157318671
167681553
3341843
3341844
222453269
171613717
177905174
3341848
240885272
222453274
63290905
211123740
178699800
235945502
244473376
90447395
47750692
72277541
175300134
216645159
118742575
183565876
145579572
66240055
201915960
52649530
7536187
8158779
16293437
201694778
12156481
147234371
34356804
35585605
180543046
164765256
111402569
192200266
43720267
187588173
102637135
176660047
40984147
42876499
83025493
56122966
168713812
212246102
166215257
180797016
172957269
172957270
29392478
6069855
62242400
45309541
156245606
176954981
68656741
151182953
40894058
210247277
31948400
76275314
231530098
58900084
8707700
231947895
68345466
24911482
238296698
77790846
231177857
230882946
40263298
63929987
221339269
231849606
220896904
220814987
150625931
158187149
51871371
179306127
41016976
238853777
5340818
205094546
118521492
112959125
158097044
231530128
50896536
221339294
229908129
57818786
195919523
41426596
236928675
105553574
106659496
192020137
207937193
10051243
232357549
188767918
62463662
222412465
25419442
62906034
47734452
4751030
33095350
47734456
83320502
38510267
151363259
47734461
30121662
83320511
210951872
7093953
89775812
5340869
212688582
240762567
43073226
231530187
231530188
238444236
50069199
114773421
238984913
232791762
79494866
216219348
65593045
81714902
57089747
70500056
96935638
50863834
9502427
81714906
188767965
7413470
183582431
237698784
169197279
227622626
200621795
81714909
179429093
246447847
105094887
221134568
19349225
158097131
81714923
244031213
179617517
194043632
165363440
5807862
67288823
2973433
195493629
67288830
54951679
176226048
235511552
6364930
167894784
24936194
67288837
197041920
19349246
115760904
231530249
240770827
156983055
47226643
40329424
221503256
29712153
36740890
160980763
165895962
155123483
1679134
236437280
231530273
245030692
170753832
8314669
220167982
237182767
218685232
104398640
153755441
231530291
150804401
247308082
153755446
6364984
115990329
205143867
33275707
17768251
157949758
203906882
45498181
190504774
162512710
203759432
245210953
209329994
178143048
105758540
51060560
3080019
81534808
5177176
220774234
103743324
179142493
151068510
19472223
213737315
71032676
114302821
114425702
38403942
245202790
210583401
26869610
105758567
107192172
107192173
77447021
43482987
81411952
40451953
201138034
238985075
183582580
227590005
225566581
23732087
230317940
240975737
160857973
40312702
105045888
105045889
62652290
37617540
107962245
209026950
150372232
48430985
24919946
102891407
86294419
24682388
176201620
176201621
2277268
109272983
22626202
3596187
158367644
44605340
183156637
45408157
26140573
81199007
181477283
6201252
162430887
176201641
211050410
91930539
239730605
104390574
104595373
176201648
21675953
201138095
69009331
160939950
40935352
102047673
210460602
104939451
158457787
155738044
220250043
180895678
179314623
154771392
33152962
10624961
225550276
167788485
79994815
180756422
19308482
223281095
160972746
184516554
114401231
102539215
201138129
93609938
93691855
6201298
71524310
104579036
160972765
2531295
237109218
4681137
59207089
76849126
94814184
117809130
57155566
38633455
33931248
27377654
225771510
63905784
31547386
65028092
207904765
