218800134
174399495
160006153
216694794
23494669
202809358
119119887
239263760
155967511
18128919
192495645
192495646
193193621
192495648
63733793
44900386
21209123
189874215
150757416
245710887
31875111
29450284
159506483
47071285
202981435
202326075
119054397
202326077
232161343
94404673
9281604
186032199
235339847
61628489
68468809
102965327
10911825
198049883
64897115
189579361
9052259
98639973
216817769
80863338
165830762
69976172
155418733
80863348
80863353
114688124
244940925
200614023
222707850
44605582
92266640
216473745
203784344
199770268
244687006
234414240
92266656
47825058
21086373
218611878
19062958
94920881
97263793
21110969
67387578
237134011
97394878
242925761
20717763
7397574
49889481
70721737
54616268
179716301
229507278
2072784
101236946
48300249
53698783
44835041
171745507
7397604
7397605
105758948
38691047
113582316
44892398
220774640
27615474
106799346
105758964
170795251
119841021
223297789
192667903
51020036
225665284
81764612
153821449
154181899
152977675
43237645
178946322
29171990
109895962
36782364
167428380
106651938
242704675
230908201
201646378
222708011
91545901
3678511
38691120
236093746
244121911
60506427
207503675
64151869
86860094
113926468
222781769
36135242
151920971
241131849
211247439
204120400
204120401
187457874
157057361
248562009
5609300
195174754
35037539
238502242
25346405
235659621
238502246
238502248
27615593
219455850
241287531
35037545
238502249
238502252
51618159
35037552
238502253
234840427
82174324
25346425
7397757
38691199
235626880
62488962
76726658
170606983
156017033
57672079
226230672
202768785
73367966
6226337
117031337
119325101
31179182
11403694
156197293
156197295
173801906
216121785
161251769
153297342
58048962
222249412
222986695
11715017
183992777
67928524
216826318
186859983
245449170
8208851
81871316
245449172
197779926
229466581
154739160
58048985
211567066
211837404
164504030
41984488
116064747
221700587
189727212
153633262
188129775
232022512
205464045
107184629
53387768
21905915
222945791
67518976
212763144
193921548
85459469
245309967
3678736
41173521
84648466
85459475
245686803
79594007
110674457
80568857
238830109
189571613
34144799
11518498
1065507
235471398
222519851
62366251
92283437
17629744
156672564
152822334
21709377
47702594
119120452
216474181
217645638
96641606
205472327
115876425
53412432
226460240
189555290
151462490
31556191
53568099
226738787
53568101
22397539
229704295
7299695
246702709
9183863
236405367
230433407
168133248
106873477
39690889
15164046
32432786
115597973
199287450
181101215
29090469
81584808
209781417
26403499
106201773
53650094
40714927
119120560
188842673
211436212
200295093
41378485
41378487
153608885
205750971
68313788
150692541
6431422
237494971
107438784
33620679
97116871
53215945
106668746
16646855
154362582
15327961
86532831
110691044
211763941
85344999
156787434
220676844
67011311
45851382
213680892
14017277
188834558
215081735
31335176
26485517
70353679
104604431
95150866
161997589
32023318
67093270
245875478
238633755
223150876
217981724
217981725
28443424
70353697
19374881
61752099
235307814
102892338
15835955
32023348
192652084
82617139
169141044
105751350
47727417
102892347
102892348
102892351
9044805
102458181
17744709
2032458
150217549
72721230
45949776
237060945
226943828
194560859
102892382
33268579
178504549
75555686
154362728
102892398
102892401
209118066
212681588
223282036
38757237
164995960
118801276
76956551
181011336
109323144
176137095
109773707
56157069
245220237
6144914
210543507
90907542
116171670
55141274
92488605
108561312
34620328
232825768
70591400
239690667
193790892
112165806
20939699
160138167
79496119
12649403
192537531
239444924
110486460
211174334
192766913
217621442
40559555
245949378
211174341
38937542
211174343
211174344
106374090
211174347
55133132
5186510
176194511
155878353
97747921
193184722
189850581
82887638
71156694
71156695
26199000
50488286
247645150
24699872
6685666
147301348
58975208
155550698
179225581
210248687
209486839
71533560
24740858
203793402
229409796
160859140
5399558
55018503
247628810
201196559
15008787
224928794
212018202
150291482
91661340
239461407
24904736
191341602
53232678
246301739
113951788
196404269
82371632
155526192
235463733
28976181
91644983
234693688
113804346
225739836
246301759
195609664
70345794
2761795
236643396
84714564
246301767
165045322
199959628
239223892
72680533
153838678
246301784
68658265
110847067
76923995
227886173
227886174
186221663
7316576
186221666
247145572
246301797
65643622
175899753
231040105
18220139
227968107
214991985
85533810
179692658
246301813
105964663
100131959
21513339
246301821
9290878
189498496
246301828
246301829
214983816
214992008
91276432
239223954
81650836
65643670
171066520
214983836
19031197
90932382
231040158
50234527
28648610
109659302
246301863
181855401
246301867
246301873
3777717
41141430
7316668
75850942
244720834
151602373
113501382
74261705
9553102
232367312
66544849
72860880
2139348
166061269
233227478
201688285
194626782
59122910
181912802
214983907
214983908
45450469
61244644
214983911
242869479
58868969
89285863
97191144
15926508
145638635
79783153
239215857
170173687
6219000
145720572
82175236
16762117
1787142
227312904
230892810
87082250
7619850
230442253
185042191
234980625
236963089
161023252
242255126
13853981
164562207
14148895
13853989
231892262
193053996
114771244
201966894
213845296
79783219
13854004
239215927
41772346
210445628
230335808
68764994
194118979
11044164
193520965
194118980
119907656
79783241
28583244
174785872
210543954
203040083
218621270
145401175
9413977
61523296
235316577
218735970
89425255
151725416
201745768
112190827
104580462
23594362
218203516
231236995
226231684
23864708
62743942
198051203
103318920
227231112
27002249
201852299
91121035
38782344
226002322
25101715
65054103
196625816
178226588
151504284
6612382
244688289
234603938
158254499
109503906
214320549
232056230
108152231
218203562
96273834
216638893
43730350
171722158
92349876
197617077
182207927
96945594
171140541
211707326
69346752
68511168
199919046
20039112
41887180
179209678
61842894
189621713
211699154
162710999
69346776
234685911
91121112
211707351
160556515
39544295
226518512
19121653
38135286
242140669
114230781
42771969
9225730
183608835
242066949
199976463
54601232
29206032
5670418
59688463
151511399
71575062
71575063
210920984
53454360
113813019
52545053
183625248
2737702
150283814
158344744
231417385
162743851
64366124
4908590
150849071
174835248
179070512
104752688
151750195
19695156
228927028
247801398
240756279
232998455
233211442
200451645
57673278
8545856
11290178
23725637
5711430
58975816
200500809
19834445
159999567
119006803
177768028
32450140
178579038
151783009
158221922
200451684
48473701
200451686
203015789
61662830
74638960
32433778
57902707
247973494
57673338
25839228
166487678
147007105
193341057
247973506
247973508
92505733
80037509
237733517
227600018
94619282
193341076
16500373
164841110
164841111
164841112
164841113
164841114
164841115
87148188
164841116
41109150
54871709
116106916
14386857
151463593
89974443
169084589
150996662
162137788
169551549
55199420
118318781
193341118
86460094
202843844
75589317
227337925
45434568
204629707
179619535
20055760
28518097
19269334
91555544
231343833
75589339
157165277
74483422
227600094
105760480
88983266
33408741
92260070
107792104
91555560
170829547
170026734
214214382
80037616
171312880
43730676
58959606
9692919
33253113
18335481
205489915
202049277
88983297
202327809
41445123
58959622
39585544
58959632
54748945
62154515
88074003
11061016
1926939
203794204
58959645
23037727
115902240
115902241
239388448
58959651
83068709
28632870
105719590
176736044
8939310
109725488
168978225
176965425
209454902
162408246
58959674
199526208
176965442
167135044
203720517
157525830
81422152
152979274
157525835
205539148
171657037
25118542
157525839
239093586
80602967
238659419
184780636
147244893
78579547
181872475
119785312
66946913
72664938
8308586
152979308
245860205
206743406
226256750
72664946
173705075
245860210
200116089
206718845
17377150
77956989
202106756
72443782
2484105
109619082
24242062
66946958
64006034
211429266
150333332
97404820
28706714
205186972
14854045
14395294
12109728
35538851
5654436
242116520
66946986
34793388
100878252
109832109
4155310
22292400
66946992
238348217
193005498
36718528
26126275
117680068
45533123
176310215
25503691
204318668
64047053
41265104
30083025
178956244
95143892
151578583
153249753
46065625
151848925
92055520
28690402
16517091
154675176
227756014
153888753
40495094
40495096
220710917
11094022
226396166
50620424
51185672
3631115
13928461
71550995
220489747
219015187
179292180
6907929
24012826
28837915
31557668
79267876
43157541
209373222
16328744
209381413
28690475
10651692
243042361
76212283
225691709
81987652
65652805
80676942
164513871
42723408
113797204
84731988
204048471
19449945
242133083
158279774
94398561
102697057
41371747
112994406
216934504
222824553
14190700
224430189
104704109
237332596
39479413
31664247
73910404
109332613
41019543
22546586
85362843
5367966
85395616
40667297
155707553
119040163
158099620
24176806
64628905
79923371
7719083
152398000
244705456
55560369
105392316
106203325
146786494
165161151
103090372
11667655
186837191
8841415
91572428
105392334
199968974
99969233
186837203
8841429
105392344
74500319
220211424
2869474
195455206
182913256
172861673
74901739
172861679
47630580
199018741
41707766
119261435
174196990
180996351
239782143
52537603
150169860
240429320
208087304
77129996
17688846
237832463
237832464
97388820
187336985
20760857
21481755
179734812
94234911
210102559
64112930
189614371
8325411
31566117
64391461
14772523
88426798
42961202
147032384
40732992
111544642
72436036
145557829
164464967
196299080
199977288
97200459
110053708
17819979
28993870
157682001
117877077
85518685
56584544
234604899
163334500
19532133
186771814
164055396
207227249
244681075
241527157
211454326
21850492
104548739
86215046
72460679
96291210
94448012
3729818
20859292
61794721
3729831
106203560
210282921
15436204
189417902
117098928
99051964
167184830
235088319
57223617
82438595
2156999
216803787
227215822
179513808
82438609
72149456
19466708
245279189
235653590
202320340
82061787
93301217
213051875
73787876
182290922
53422574
238815727
190818799
26724852
97380855
238037497
108128761
97208832
21686786
12618243
2861575
21948936
41404937
198281738
234711563
12618254
198281743
15125006
246286873
119114268
198281758
198281762
114764323
245172772
104598053
213781031
103533096
183085611
61303341
83331632
188721714
82774581
85609016
162949689
7662140
172952125
164710976
41708099
83429959
84855367
15436361
12208714
82291272
92359245
62515792
222702162
192072275
65833556
150424150
29207127
16697944
245901913
240822877
99256925
6842974
54889054
226855527
150563440
195029618
234703475
239815285
232925816
229010042
33303166
38652543
183085696
167127682
173984387
106965636
111872646
216640135
150309512
62515849
170388106
55798412
220539533
46303887
66177684
228526742
169560727
68004503
209586840
170388123
235473572
6449834
168209068
219417261
19008185
162581181
54110911
21441216
25758405
61975238
232770246
241896140
241896141
32680654
15436495
191695566
16706255
25758419
61475540
13814486
237734615
205105887
235440864
214272736
95275746
177318628
56945382
194849513
43559663
91646711
15436537
65669886
233024255
235735808
151087878
210692871
228911880
105483018
33131279
154733328
105483024
65129233
15436563
52366098
112970517
29436694
164719382
6564632
217344790
153922326
222153494
105483037
105483041
105483043
155101989
4164390
240634665
28347178
216795951
70830896
176278321
58927927
5286713
200313659
15436605
92973887
180505409
67201858
2886466
244050756
195840833
88943425
102075203
192580424
28838733
103508817
63130453
242297687
24931162
228002653
12610399
82996068
28994409
187476841
96881517
4164461
21687154
217017211
53070717
204409725
98642816
95701888
160492418
188713858
15272838
178031495
80178054
14584713
200199052
56920974
81882001
190892949
197184405
47803287
104721302
104008601
15518618
226487205
12643241
177384372
169151412
73501622
241920951
154610613
245976003
227191755
154536909
242133965
45534168
26250206
81955815
200649704
25791466
23104498
242822130
31558643
117828598
18631671
18631675
159812604
186625025
77491203
214666244
192072709
209030149
168209412
99519497
119221269
214150166
229059608
84593690
232983579
202656794
235449375
244689952
169823267
63941668
194997288
62327849
150424617
235523115
53808180
200928309
59501621
32394297
199756859
215485500
115371071
102624319
175746114
46836807
109587529
62123082
102722636
68283470
184355923
90909783
82193497
64392287
119704676
239430759
10529896
227544175
210349167
1748083
96889978
91507835
178023548
72404093
85363834
212888704
94006401
227527813
51915915
204622989
239430798
178973839
160885903
26381459
31640725
202058902
108891289
183389337
242723995
119647388
31575196
1469598
1469599
231967904
4631712
26635426
225438879
160345252
109948069
24153255
103394477
41421998
102542514
26717363
89312437
74337461
40905914
40488124
64408764
65547457
60525762
103550151
43437255
246254794
96955599
60828880
24177873
167398610
225643731
168996052
17591504
118852817
59100373
233557209
172494043
241011933
192130276
5344485
62303461
82226406
19688690
200166642
40594677
174075127
36760824
153251065
25324793
105147640
158289146
158289148
113904896
204246280
154586380
57740557
11726094
11619599
29068559
218123538
157142291
11119899
78630172
12053790
242617633
56659234
8293672
176704813
67202350
245648687
53357879
185920827
74239293
87878973
91606340
192007493
217288009
211963211
240889165
896333
200895823
237923661
203001169
222711121
227568980
17648980
80006501
83152230
212872553
45632876
183946604
42904942
86920571
97103228
83152258
66243971
17313157
236596614
116772230
234212744
242126215
113618314
229739920
212872598
234204569
212905370
99241376
31747492
34033060
85527974
103370150
180112808
198061482
246074798
235769262
167685551
85126578
1920434
207498679
3296698
191032767
85675459
170134980
97840585
222195145
180252107
245124556
191458766
234204624
22293970
181759443
186428884
182693336
117960156
153251296
24530400
111144416
12594664
75492843
224275949
35376623
91041264
238743027
92327414
178597366
61722106
82005500
209554942
165973503
234204672
241241601
119541258
171871757
100986383
222178831
11038229
188829205
53087771
95890977
64736802
227634726
81014310
237964841
115346986
6213163
147344941
232623665
151424561
104590899
200199735
173051449
31567417
89370171
109407802
16682553
15896126
195104319
32632384
77794879
11120202
111554124
6475344
163065428
220974687
237088352
20000353
196087395
178982500
222301801
117640810
174878315
194965099
27553390
227823216
54464113
109563508
7097977
234745468
236236415
67972736
57896580
28692100
241266310
29863557
222391947
239718029
80850574
112316047
191680146
244182674
7540372
194227860
239160982
6155933
234204830
46026397
7540384
116027047
168210092
9252526
154709682
215019192
105639614
105639616
242060992
33722051
49352393
12218058
81981129
240520910
204385999
190172880
206778065
211414739
115207892
12545749
241233624
29159128
114241240
22507225
26111715
11620068
222875365
198332134
1724135
231984868
118984421
20311789
211873518
4189941
175853304
26111743
180956928
212619009
158109441
31682312
235507466
240619275
175968013
200691471
68652820
8040220
66498336
67407653
15683367
109727529
194203435
248196911
109965104
188092209
5189425
4304692
242880313
38719292
203902781
39489344
91074370
82145092
103411527
200298312
83152715
31321933
8286029
16707408
8253267
1740628
156299094
83152732
172478302
73133920
72478561
103599968
188100449
205246308
39227232
42102630
8359777
7950184
6352746
153997164
47804269
47804270
166621037
26586992
36204401
38719347
158330745
209178490
163876732
1683327
237752192
7294848
240422787
103600005
103600006
203001735
226905991
2887561
209981321
103600010
101765005
58691471
68751252
63491991
170135447
105762711
229134234
2985885
22507423
86011814
231190441
53309360
215060403
110137268
247410614
63336377
3256250
208596922
33148865
86323141
216125382
204959691
22941644
237113293
150646738
26161106
97513427
208760793
71585754
114094044
152506333
72151006
113807331
28258276
52776933
240275435
158363629
99766253
25685998
17330161
62607346
150835188
9269237
68079609
191401978
151064576
207622145
116469762
64663555
16568324
115167245
164122641
114790417
222146581
63492122
179875867
247443485
205295647
85569571
217239597
104812590
167268400
160092210
237908019
200265781
202051642
7917632
153817155
218951748
6164550
240726087
11317320
91656264
173797451
100610123
156880976
86528081
192278610
237178963
93745233
31109208
47706201
76640348
81424484
110981223
195817578
195817579
160985197
207237233
1888369
211030131
82137203
11325557
41136246
226021496
84095099
44388476
86356095
3682434
50901126
184750222
153251987
8302740
166383767
166383771
189485211
166383781
166383782
76279976
166383786
166383787
231026858
19239090
166383799
20402361
120164545
180318402
166383812
72888517
109572293
189223111
227782856
1462474
211030219
246747340
237105357
39579854
5755085
205222098
244699346
94802133
113160419
15724772
1462505
155087083
60715244
5378285
170733809
32870642
220909811
40521972
215961851
63435004
153899266
150262018
185348356
100823301
185348357
32583945
205484301
208646421
24875291
47771936
154841376
49312034
206696738
74666274
235688234
87003434
202977581
104862015
203723076
6820165
84881733
19288393
237318479
82162001
83505492
7598422
6582614
194842969
99365214
189895009
170266978
64811366
73191784
77164905
98931048
229798251
62714219
15217005
108433771
226251119
212767085
206696817
84201842
45527410
28930420
174535022
94892404
96407927
160297336
240824697
118124923
105763197
233320830
46256512
28684673
56332674
53580164
205099399
110621064
39113101
73888143
36868499
174936467
954777
66597275
37999003
41832861
211300767
88707492
63336871
31502760
237318568
238743981
11841966
41816499
81457588
156758451
155537846
162034108
62697916
170774977
244535746
56586695
203846091
242151883
195490255
100708816
82670035
113914325
222851542
3830231
209367516
27382238
38007263
29258207
9712099
227971557
228299238
235491823
236900848
66572784
4714995
62927348
8368631
9409016
3142135
84374010
3199484
239825405
54997503
158102020
9744903
200405513
23351822
19493394
35631639
62935577
231346713
228381211
108900893
239792675
22794793
9712175
112194095
47780401
162140730
103354939
170562110
239792702
67400255
35590718
14258754
232337987
167268932
189420098
109883974
230437447
47059527
22532681
197374538
11489869
111587918
6443599
74707535
241136208
211423826
211210834
109695574
15028822
27619926
177541722
239022684
190861920
168628832
6443619
46240358
151753318
184463979
231346796
233452144
161796721
11309682
160387698
180195957
105689722
118944379
108163711
92557951
189379207
168317578
217043595
205574798
78549646
55136912
5272211
161370772
242176659
31715990
118829719
8147608
177541784
229028505
151515803
164213404
79418013
195801760
90108576
156398244
31265445
245682855
155675409
241644209
194630328
213054137
47698621
95539902
39236291
234255045
39236298
39236299
2282189
113578704
195932881
192869073
153408220
45306595
113103589
212890342
21754602
105665258
66507506
55186166
59618039
52294390
221999871
158446337
155693829
92861192
20927246
235262736
205886225
242545430
63361814
225399575
145625882
167670556
167670557
194712350
44954399
35025694
31028001
80663332
241054501
28054311
67154730
172266282
229741359
62714672
205886258
76264244
17593144
105386809
39433025
200667972
33993540
191583052
218305360
183104340
178082646
21754711
39441240
57635673
175666015
188666719
26850145
192869217
17380195
241718116
108024677
243430245
238490469
183120744
57619302
25031531
198202222
87110512
210522996
2298745
62927741
232870785
247239556
61649797
14480273
226022290
194712467
11318164
46470033
69202840
169874330
235000730
222213020
197645212
15283102
115553186
18486179
26637218
26579881
72430507
26006443
114398125
39621552
3650483
187773879
79459256
43758521
176894906
54743999
232477632
9294783
39490498
230978499
64377795
69522373
245560262
187773894
220967880
96408513
241988554
53744587
19379139
102855631
151835600
2839505
19633106
151835601
62714835
85455823
72389590
81089495
86463446
151843801
85267417
89289691
72168409
47174617
176894948
26760166
168637419
73642992
158487540
87118842
11334650
79565820
84112381
49673214
25097214
237859840
100070400
207451139
209605636
184734725
3691528
219411464
61625352
226448393
102945804
96252940
241169423
19723280
200856593
201421842
219378705
240940049
145658896
211072023
226448407
223335447
113202203
227775517
230257695
182416415
182711332
160150565
160150566
183104552
45650992
193090608
194720816
9294903
225866810
13874235
178017339
235402301
241800257
175395906
175395907
48821318
207492169
2978895
12620880
44454992
5289043
2700372
156152919
6599768
201938010
103486556
214914140
199251040
215102561
7541861
80786536
181171307
212022387
32994421
35566710
96408696
166261882
175395963
14570619
237474946
118346885
175395974
118346889
221041804
40998030
209736847
114406544
162378897
29013140
203437204
114406549
195802260
247166104
62715036
72627359
150992032
181040290
155194531
219837602
96105638
85660841
208286891
188855468
4412589
211768494
75166895
156226734
158086321
232912050
159577266
79688885
118346934
16782519
179877048
8819897
207484091
23459005
87839935
20034758
222778567
114382025
156292298
20034763
109278409
154694861
159577293
73659601
25449682
236180700
223081694
169317602
177534182
151008489
32625900
18167022
49706223
200389876
33780981
238523648
46060801
152728835
109573379
236639493
222082310
68408583
29332746
57832715
244495629
114275601
158086420
221533460
240882967
238523672
210105626
19051805
88732964
99874087
73659691
226972971
238433583
111162675
26948915
191337779
69416248
228619577
167679289
189879612
236688705
201151812
108139848
205403468
53622093
194655565
155694423
23876955
203773280
226956643
235771237
41031014
105969004
225514862
105092463
247412081
153851250
27194739
40605044
199513463
18929016
83441017
95319418
202315131
34854268
97695102
237245824
23876992
232207744
79156608
213833093
22885766
9270662
16766341
53499276
213038478
58840463
57259411
43619733
12113302
18347420
245568926
109761957
38155687
15242666
236811691
54302124
235541934
163780015
218404270
217658801
63190449
205469110
114750905
64812475
220149180
29160893
188790206
28972479
165664192
90355139
8902083
15103429
97228230
113628622
190281166
60110289
116766163
80451031
164017624
218306009
164017631
102102500
18142695
53024239
218224113
50779633
190322168
237606403
82982404
54605318
65926663
205608456
242169358
26555930
1103389
110409248
1111589
18912809
235533865
188601897
214644271
94320177
17798706
73659956
39556662
82703926
39556664
39556665
39556666
156309053
107484734
43677246
98907710
167122493
159790659
86234693
226227784
75880009
178607694
23402063
150246996
216847957
43095640
6338142
248583779
245479012
200955491
201078371
81065572
92247654
45135469
18396783
11359855
173373040
154203764
21190260
89781881
212555386
245651066
241579642
147003005
213472894
236623487
11597444
15521413
227481221
94967431
108304014
47142543
245651088
4429462
40973975
177993366
220493462
80107161
80107162
55121566
80107168
214857377
80107170
208656036
239031989
1103542
84858553
213718714
8320699
207214268
178566844
16627388
55121599
205657792
61527745
6239937
239351491
4765381
54957767
19257032
22542023
195172042
54834891
151713484
31897293
239580879
31471319
145495767
145512151
28260057
168154846
238122719
77854433
41547491
240695014
26654439
161478377
175896299
69383918
178681583
26244848
105690865
227915506
45160181
180983542
41072373
231364344
97785589
154638076
227432195
239761158
76748551
222533383
90330889
31758089
223344391
223344395
171775759
77805329
177002259
65713941
11089691
99251995
209221407
73848608
73848609
231429924
170137381
53303078
242816808
186881838
63502129
156137266
62084916
220264253
23172926
245471044
93534025
53311307
216528717
119125841
220223314
108074834
247650132
25909074
95065942
80885591
18536278
241981270
214144858
50673496
89487193
53311324
59127641
7714655
91854689
155744098
189904738
97212258
79927138
209606498
35583842
200505192
17340269
52074349
150419309
178698096
227514226
19617652
15464309
194410358
84391796
119601020
167794560
100767616
3307398
119601031
53499784
53319562
239441802
239441812
167442329
62773150
14579616
230561700
70932390
216577960
59053993
193116074
26531754
244152232
244299696
240973745
85579698
216840114
65181622
242014138
76748733
240146366
145422271
11794366
73717696
228964287
86521800
194557897
198211531
65329100
179091411
31733721
174594011
86824924
224597983
14661601
17463269
145569768
45619177
4847594
165926890
244545518
72554479
184080368
156293105
200677362
92436467
247257077
71153656
202897402
7714814
176289792
106338305
47519746
179869700
203872261
91289615
17463313
96253974
218069014
82229273
19326612
236746784
115718179
22583334
239474727
56604712
95164465
52721715
120420411
200095811
84334663
192976978
211392599
17528920
67909721
158677087
63797346
21092457
170178666
165714027
115693675
194877546
100366446
2480246
174045303
235387000
214472825
156874874
155867257
193214587
109508729
219388030
36501633
60856450
241031297
20904070
100415625
235518094
81950862
21698703
119937167
101267602
101267603
234698901
168114330
26433692
215767199
11057312
65165472
65714336
236796064
216897704
103045290
227121323
84916399
46553264
54884530
95156403
36731060
161020085
198949045
54884533
224254131
108878009
93763769
241227966
114841793
224721089
114841795
114841796
145643713
239073474
86046924
15145166
43497680
179099861
197368022
24172765
81729758
155891936
208410848
241514723
226433252
23976177
216471797
210835703
184318199
8050937
54966520
105478395
27678973
164141311
88897791
230250753
4765955
163232004
68016399
229120274
100186390
171751706
200014108
182819117
193820982
2840887
31611193
15128900
46012748
2840913
226195795
25983319
62134619
158267739
2840925
242153819
63453536
60676449
226384227
242129254
106166635
179861872
12245360
150051190
227555705
42957177
230816123
189135233
164534659
46250372
81344901
27031942
6453639
119216519
86866311
33814922
183409030
158292366
75471253
224614806
239344022
182876566
246610331
188127643
22739361
100645283
53295529
26139055
110016945
245750194
31529399
199907768
57358776
19315129
164592059
78633405
232085950
110442943
226195904
231709121
17717698
242178504
6068682
159201739
3578315
42965451
228907470
238959057
221288914
214358484
99285463
161479131
51952097
189823458
189823459
16710118
81394160
20380145
216259061
189823479
15546872
189823481
113695223
163895803
112302591
198621697
55400962
189823491
8313350
171424262
36198921
189823497
226384397
19315215
70089232
222771728
223271442
239278614
94968345
211008027
217602588
59226655
18938402
2021924
41138725
43211309
41138733
19495471
151304752
112925233
199932466
14367282
242113072
14367285
9878061
19315250
35740218
21420603
180460096
95623744
46971457
197384771
242113095
40991304
176798281
175077967
224434769
187816529
10754641
33430102
47733339
151042654
8313438
8460897
152959586
60799585
223926884
75799142
242113126
242113128
62036585
65714797
153868909
83245677
188791408
93108848
242113138
188791411
188791413
81730165
115645047
171465338
184736378
20617852
105757308
36575868
189856388
7715471
242096783
57055891
49306262
195828377
195828378
43489951
201128612
155196069
61242020
246602407
189823660
193673901
105732780
110492337
78404274
27966132
32717495
167606967
232823482
53263038
195148481
206813892
169147077
191716037
7707338
35977931
53263056
7715538
100317907
103135958
235756247
149986011
237435622
227384039
161110761
193805033
200309483
31242992
146750196
11574005
194149112
99965691
15088386
19512067
184761093
7715591
205609736
237533961
82991886
226499344
11131667
2128660
16513817
189938458
201251612
150256413
226409245
209746720
202545953
193313570
26696485
245660455
222583592
53566254
204454704
77658930
205191986
29186873
214825787
178944829
193624893
114473790
7715655
97123144
109558604
87923533
225925967
59186003
17578836
41442134
218110807
156597078
214825814
225377115
87923549
109689694
12196706
38255463
107633514
150403949
239819631
158530417
7715697
209042290
79813493
118561656
216660858
7240571
189905788
5757828
197680006
73489286
11656072
220183435
90594189
63847314
80034707
188726166
52050847
216554400
164084641
108878754
182057892
63847335
208862120
3226539
192879546
67804093
39132093
7715776
20921281
150559682
28416962
114400195
168262597
57351112
159448009
64158665
105757643
28441549
9640912
189397971
240335827
189397973
91487191
189987800
2890714
8698842
105757660
112647130
179477470
245685214
168680415
6765536
110705640
113769449
245685229
69344239
245685232
22469615
245685234
225950709
5290998
23886839
204381175
10722299
165698556
19184635
97205246
11738113
210451457
107731972
28843013
62741513
88087562
245685257
218029071
116374545
245685266
244235282
3439638
112647192
69975066
69975067
115547166
7978015
232004638
69975075
69975076
51649572
15457318
62741539
246987817
229923888
13786161
154418225
80616498
51420212
220822581
200195124
236428347
216120384
39369796
59612228
13786182
67853383
3152968
229923917
224336976
198581330
54885460
29195351
89373787
41245790
11770978
199965798
112925799
82074726
25943145
41409640
97754220
44383341
175774831
79715444
229923958
112647288
76807290
193682555
190397564
74677372
54238334
235732093
170425472
211147903
98892930
192830594
53345419
15260816
228654225
153214100
74677398
194559131
223558815
70565025
74890402
53566635
206888109
169737389
77790384
3792055
25902264
150928567
26115260
90307773
171056319
211147969
167615683
61529286
58686663
21265609
218086604
230522064
153197786
218217692
156400862
8879327
215112928
28523744
168738018
19692777
168951018
97787117
47078637
22355183
78617837
116333816
184335611
183737596
106675452
77118720
31554817
110861569
24165639
84942088
65101063
163355914
231718154
236985612
235298060
64224526
200457488
21110033
185031952
158186772
97213717
118996248
31554841
157056282
7208217
46578969
81100061
169123103
162037024
98286887
42188074
146840877
84041011
107142451
241368376
82427193
38903101
119119165
39370048
23780678
196869447
4046152
117439815
156826955
39501132
48405836
172612943
207101264
28466511
21093714
28753232
158907734
247487831
5659991
202808665
215072097
239197537
191937891
241311080
150396268
153697646
236166510
29457778
236166514
34045300
50077046
239197560
228842874
231595388
244702589
32882054
58391945
209730954
178773388
183074189
19824015
119594385
67296659
60824982
63643031
183721368
219372951
213179803
91258272
33889698
146890147
18324900
39370154
162528685
6692273
71007666
93552053
241548726
6364599
159964609
71892420
228670919
11320776
77790665
240311754
244702667
241434061
108510670
188136912
82157010
176569811
19758550
231103961
62684636
3186141
62553565
202685918
202685920
207511004
18922978
226426337
209075685
226696679
82116075
245112301
6757869
49446390
201596407
240311800
40615418
188816891
94608893
1506814
188816895
93232639
90144258
155835907
21061124
207289861
164167174
46013958
188816904
164167177
104635913
48913932
187858446
224509457
22969873
4636177
23567890
188816918
59006487
240885272
209493528
22855194
63290905
53706273
57663010
175300134
57663016
237755945
222191152
179355185
46136881
194895411
66240055
247266872
178626103
247266877
200130110
12156481
108707400
244907593
172899914
43720267
153681484
232775240
171048526
78052943
62217810
209043026
172957269
172957270
61513303
171728473
244702811
96607837
201047645
21683808
67288673
85876320
68656741
113565289
153255533
238280301
162020981
159096438
238296698
75226747
169721475
53419653
147177097
150625931
41016976
205094546
112959125
245579414
17653399
224706203
61513374
11968160
62463654
10051243
232357549
57900718
82116275
82607796
210017977
14196411
209878717
73465537
11968196
25829063
11968199
72711881
43073226
202022605
69369550
11968205
232791762
81714902
81714906
9502427
229465821
7413470
245202653
81714909
224304867
177438436
48086756
81714923
67288812
244924142
36888302
229465841
207970038
68771575
67288823
67288830
62217983
9887486
197369601
235413253
166264581
67288837
5381897
93839114
62635791
93839128
57728793
179167002
91037468
17334045
91037470
72580895
72580896
91037471
93839137
99196707
231972647
93839144
93839145
196353837
8314669
98680627
178650932
32726841
201064249
205143867
116588359
245579594
205266766
97034066
153812821
53567318
97034072
161259353
223690584
85892954
155729756
16662364
205479770
182738785
950113
114302821
154623845
72359788
167853932
204365680
29482865
58261362
210173811
156204913
39272311
240975737
71409530
207082336
53567361
163487618
22716291
23535490
209026950
29458318
160513935
102891407
47841169
153804691
214392725
42942361
162430887
97189804
104595373
11804590
201138095
77381560
102047673
47185849
195297211
170631101
64815043
236928965
111583174
974791
180256713
85761994
184516554
11526093
54460368
160112594
150888404
9199576
180199384
65544167
117809130
179724268
146735086
33931248
112246770
167157748
232734709
105627641
213041146
