218800134
174399495
160006153
216694794
23494669
239263760
54919190
18128919
115154972
192495645
192495646
192495648
63733793
44900386
21209123
31875111
29450284
159506483
47071285
44474426
202981435
202326075
119054397
202326077
94404673
9281604
186032199
61628489
154714186
68468809
209133642
226459722
118538318
102965327
10911825
198049883
64897115
189579361
98639973
183984230
216817769
69976172
155418733
242393209
244940925
40493190
200614023
103317640
222707850
44605582
92266640
216473745
79175832
203784344
234414240
92266656
47825058
226336930
21086373
19062958
94920881
97263793
21110969
67387578
97394878
242925761
20717763
67911880
49889481
70721737
54616268
179716301
2072784
22593745
101236946
235659478
48300249
164135134
53698783
44835041
171745507
105758948
15491303
38691047
113582316
44892398
220774640
27615474
106799346
105758964
170795251
223297789
192667903
51020036
48800005
81764612
154181899
152977675
195797261
178946322
29171990
29778201
109895962
36782364
167428380
35332385
106651938
242704675
230908201
201646378
222708011
38691120
236093746
242409780
24568121
245408058
207503675
64151869
86860094
238428483
113926468
222781769
36135242
151920971
211247439
157057361
187457874
248562009
195174754
238502242
235659621
238502246
151511399
238502248
27615593
219455850
241287531
238502249
238502252
238502253
234840427
7397757
212697470
38691199
235626880
208036223
62488962
76726658
170606983
156017033
57672079
226230672
53322127
202768785
6226337
158081446
52347306
11403694
216121785
153297342
48505279
58048962
222249412
112951749
222986695
11715017
183992777
67928524
216826318
92381650
245449170
245449172
8208851
197779926
55738838
154739160
7610839
211567066
211837404
231203293
164504030
23429600
41984488
116064747
211567083
221700587
153633262
188129775
232022512
107184629
53387768
222945791
247226879
67518976
193921548
65372687
3678736
41173521
84648466
163725843
245686803
40247823
245309967
79594007
110674457
80568857
238830109
155796002
1065507
11518498
235471398
222519851
92283437
209330733
58507822
17629744
156672564
63652411
152822334
21709377
47702594
242885189
96641606
111682118
217645638
115876425
205472327
191677004
53412432
226460240
21463641
8831581
31556191
53568099
53568101
229704295
115360363
102269548
7299695
246702709
9183863
159179384
230433407
39690889
15164046
32432786
199287450
207135389
105562784
29090469
81584808
209781417
85455823
26403499
106201773
53650094
119120560
188842673
97108659
211436212
200295093
41378485
41378487
113681081
205750971
237494971
150692541
70664898
33620679
16646855
53215945
106668746
154362582
15327961
86532831
110691044
211763941
233374439
156787434
220676844
88105709
67011311
45851382
213680892
240321277
188834558
14017277
215081735
31335176
26485517
70353679
104604431
95150866
181265173
32023318
67093270
245875478
238633755
223150876
25838365
28443424
70353697
61752099
235307814
189850407
102892338
82617139
105751350
47727417
102892347
102892348
102892351
211845957
9044805
102458181
17744709
2032458
12542794
150217549
72721230
163488591
237060945
226943828
194560859
102892382
33268579
75555686
93635439
209118066
212681588
38757237
164995960
76956551
109323144
176137095
189907851
56157069
245220237
6144914
17466262
102867863
90907542
116171670
55141274
92488605
65455007
108561312
201950113
34620328
232825768
239690667
193790892
112165806
20939699
160138167
79496119
214254521
12649403
239444924
110486460
192766913
217621442
245949378
40559555
156656577
38937542
28050376
106374090
55133132
5186510
176194511
97747921
193184722
189850581
82887638
26199000
247645150
24699872
237650912
6685666
147301348
58975208
155550698
179225581
210248687
214909936
66233335
71533560
209486839
24740858
203793402
160859140
5399558
55018503
247628810
102695947
201196559
24683536
95101969
224928794
150291482
91661340
239461407
191341602
7111723
82371632
155526192
173614132
235463733
28976181
64300087
234693688
91644983
113804346
225739836
195609664
171156544
2761795
236643396
84714564
165045322
199959628
217547852
110847055
14419026
72680533
153838678
68658265
110847067
29303906
247145572
65643622
175899753
231040105
18220139
227968107
214991985
85533810
179692658
105964663
100131959
21513339
105120892
9290878
189498496
19334273
246301828
246301829
214983816
214992008
31491210
9290895
239223954
81650836
65643670
171066520
214983836
19031197
90932382
231040158
50234527
28648610
109659302
201106599
246301863
246301867
246301873
12608691
41141430
7316668
8823997
215966910
231990464
79684800
244720834
151602373
113501382
168256716
9553102
72860880
2139348
166061269
233227478
201688285
247637218
214983907
214983908
45450469
61244644
214983911
89285863
58868969
97191144
145638635
15926508
79783153
239215857
82175236
16762117
1787142
87082250
7619850
185042191
234980625
161023252
242255126
238445848
164562207
14148895
215098657
231892262
193053996
114771244
213845296
105768242
79783219
239215927
41772346
230335808
223356227
11044164
193520965
119907656
79783241
28583244
174785872
210543954
203040083
218621270
145401175
9413977
193996124
91342173
235316577
218735970
89425255
151725416
218129776
77956467
23594362
231236995
23864708
198051203
62743942
103318920
227231112
27002249
201852299
91121035
38782344
226002322
25101715
65054103
196625816
178226588
151504284
6612382
234603938
158254499
109503906
214320549
232056230
108152231
96273834
19383723
216638893
43730350
171722158
92349876
197617077
182207927
235455930
35669435
96945594
171140541
69346752
68511168
98485698
116164037
199919046
53487047
20039112
198125000
5711306
41887180
179209678
61842894
189621713
211699154
159057363
43402708
162710999
69346776
41813465
91121112
211789276
39544295
165094899
19121653
38135286
114230781
42771969
106644996
242066949
199976463
162711058
5670418
47736342
162711063
210920984
113813019
52545053
45671966
183625248
16549408
2737702
150283814
158344744
162743851
64366124
4908590
150849071
179070512
104752688
233211442
151750195
19695156
247801398
240756279
232998455
57673278
8545856
11290178
23725637
5711430
58975816
200500809
19834445
159999567
119006803
177768028
32450140
178579038
158221922
48473701
61662830
32433778
235013747
57902707
236832373
57673338
166487678
147007105
193341057
247973508
92505733
80037509
20809349
237733517
94619282
193193621
164841110
164841111
164841112
164841113
164841114
164841115
87148188
164841116
54871709
104359593
151463593
89974443
169084589
112953013
162137788
169551549
193341118
86460094
224356031
202843844
75589317
41518791
211388103
36759241
45434568
197773003
204629707
5179084
179619535
28518097
19269334
225101528
231343833
91555544
75589339
157165277
227600094
78595805
105760480
88983266
33408741
92260070
107792104
91555560
56714988
170026734
214214382
80037616
171312880
43730676
58959606
58001142
33253113
205489915
202049277
245401342
88983297
202327809
41445123
194922243
58959622
39585544
235521808
54748945
58959632
62154515
88074003
11061016
1926939
203794204
58959645
73287455
224339743
23037727
58959651
83068709
28632870
176736044
8939310
109725488
176965425
162408246
58959674
154093371
199526208
176965442
167135044
203720517
81422152
152979274
205539148
171657037
239093586
161277782
238659419
184780636
78579547
181872475
119785312
66946913
8308586
245860205
206743406
226256750
245860210
173705075
78530426
32565115
206718845
77956989
202106756
72443782
24242062
66946958
64006034
211429266
150333332
14395294
12109728
68356002
5654436
242116520
34793388
109832109
22292400
175171505
238348217
193005498
6399933
36718528
47450048
4286402
26126275
45533123
176310215
25503691
194832332
64047053
204318668
227493839
41265104
30083025
178956244
95143892
151578583
153249753
46065625
151848925
92055520
28690402
16517091
154675176
227756014
153888753
108881906
220710917
11094022
50620424
51185672
13928461
71550995
220489747
219015187
179292180
24012826
28837915
31557668
79267876
43157541
209373222
16328744
209381413
28690475
10651692
230352940
38168623
184739893
53200952
243042361
76212283
222767163
225691709
81987652
65652805
20539463
80676942
164513871
224331855
8661076
204048471
19449945
242133083
102697057
112994406
216934504
222824553
81700971
224430189
104704109
39479413
31664247
73910404
109332613
202688649
41019543
22546586
85362843
14690462
85395616
40667297
155707553
119040163
158099620
24176806
2320552
64628905
79923371
7719083
24922285
244705456
55560369
236652725
209881271
2320570
105392316
106203325
146786494
165161151
103090372
11667655
186837191
91572428
105392334
199968974
99969233
186837203
195004633
166095069
74500319
220211424
195455206
182913256
96250091
47630580
199018741
41707766
80038134
119261435
180996351
239782143
150169860
208087304
77129996
3582221
17688846
237832463
237832464
49703185
49703187
81799447
20760857
21481755
179734812
94234911
210102559
64112930
8325411
31566117
64391461
14772523
88426798
201525552
42961202
147032384
40732992
72436036
164464967
196299080
199977288
97200459
110053708
199919949
28993870
157682001
99248468
169568596
117877077
85518685
56584544
234604899
163334500
164055396
186771814
207227249
212969842
211454326
21850492
104548739
218417540
86215046
96291210
94448012
29051276
205302169
20859292
61794721
231762340
3729831
210282921
15436204
241994156
189417902
117098928
99051964
167184830
57223617
105122242
82438595
2156999
216803787
227215822
179513808
82438609
178522577
72149456
19466708
245279189
235653590
202320340
82061787
157845981
93301217
73787876
182290922
238815727
190818799
150678001
39635445
97380855
108128761
163260921
6416892
27585020
97208832
37169665
12618243
21948936
41404937
198281738
234711563
12618254
198281743
15125006
107055633
119589397
246286873
198281758
198281762
1485347
245172772
104598053
114764323
103533096
183085611
61303341
91302446
83331632
54889010
82774581
7662140
164710976
41708099
165579333
83429959
84855367
71961161
12208714
15436361
82291272
92359245
29362766
62515792
192072275
195791443
150424150
29207127
16697944
245901913
242117210
211970653
240822877
54889054
242117216
50858597
242117223
242117224
209742444
150563440
242117233
195029618
239815285
165366392
229010042
33303166
38652543
167127682
173984387
106965636
111872646
216640135
150309512
62515849
234637962
170388106
55798412
46303887
214968978
66177684
169560727
209586840
188721819
170388123
235473572
6449834
168209068
219417261
19008185
162581181
21441216
25758405
61975238
11127495
232770246
32680654
15436495
191695566
16706255
25758419
61475540
13814486
237734615
235440864
214272736
95275746
177318628
56945382
227445480
194849513
43559663
71355125
91646711
15436537
65669886
233024255
235735808
151087878
210692871
228911880
33131279
65129233
155675409
15436563
112970517
29436694
164719382
6564632
217344790
153922326
105483037
105483041
105483043
155101989
4164390
89148199
240634665
28347178
216795951
70830896
176278321
234687284
200313659
15436605
92973887
88943425
67201858
2886466
244050756
102075203
119499585
192580424
28838733
63130453
242297687
228002653
12610399
241159008
82996068
28994409
167242605
21687154
206924662
53070717
98642816
95701888
160492418
188713858
15272838
178031495
14584713
81882001
190892949
197184405
104008601
15518618
12643241
109718448
177384372
169151412
73501622
154610613
242133965
45534168
240511965
26250206
242559970
200649704
25791466
23104498
88681458
31558643
117828598
235523067
159812604
97225729
77491203
214666244
192072709
168209412
208038919
99519497
4852747
15322124
68520973
111930385
214150166
229059608
84593690
232983579
202656794
39455774
244689952
63941668
194997288
62327849
150424617
235523115
37801012
200928309
59501621
53808180
32394297
199756859
215485500
77859899
102624319
153676865
175746114
46836807
62123082
102722636
68283470
184355923
90909783
82193497
119704676
239430759
10529896
75082858
227544175
210349167
103410803
1748083
155888762
91507835
178023548
72404093
96889978
94006401
227527813
166063240
204622989
239430798
178973839
221916307
26381459
31640725
59264149
202058902
183389337
23555226
242723995
31575196
1469598
1469599
231967904
4631712
26635426
225438879
160345252
1469606
24153255
233704620
63786160
26717363
89312437
113478837
40905914
23555258
40488124
64408764
65547457
60525762
227822786
103550151
246254794
52022476
19156173
96955599
17591504
24177873
167398610
225643731
168996052
186936533
118852817
59100373
62786775
172494043
241011933
193309919
237178082
5344485
164875493
82226406
19688690
200166642
40594677
228519158
174075127
153251065
204246280
158698761
11726094
29068559
218123538
62500114
157142291
11119899
78630172
12053790
242617633
56659234
8293672
176704813
67202350
203762990
79711543
53357879
185920827
74239293
87878973
175820100
192007493
91606340
245853508
217288009
240889165
896333
200895823
169987407
203001169
237923661
227568980
17648980
83152230
212872553
183946604
42904942
86920571
232303996
97103228
83152258
236596614
116772230
234212744
242126215
11267466
113618314
73837958
229739920
212872598
234204569
230862240
31747492
34033060
85527974
43117990
180112808
29199783
78630315
246074798
167685551
85126578
1920434
78630331
219049406
181497283
170134980
97840585
222195145
245124556
234204624
22293970
181759443
86379987
21130709
182693336
89419228
117960156
24530400
111144416
244698598
12594664
224275949
35376623
91041264
190860785
238743027
200592883
92327414
178597366
61722106
82005500
209554942
234204672
241241601
163515907
119541258
171871757
100986383
236350992
11038229
188829205
53087771
189861404
95890977
64736802
81014310
115346986
6213163
147344941
232623665
206974514
104590899
151424561
200199735
31567417
99126842
89370171
109407802
103640635
195104319
11120202
111554124
6475344
227577427
163065428
6368852
237088352
196087395
178982500
71331430
222301801
117640810
174878315
194965099
3190381
39063149
27553390
227823216
54464113
109563508
7097977
234745468
236236415
28692100
29249156
241266310
29863557
222391947
247369356
239718029
80850574
191680146
153882259
194227860
244182674
239160982
6155933
234204830
46026397
116027047
101396139
99708592
154709682
215019192
242060992
63868609
33722051
49352393
12218058
240520910
190172880
211414739
115207892
12545749
241233624
22507225
26111715
231984868
222875365
198332134
1724135
206778086
8351466
20311789
211873518
6950639
175853304
26111743
180956928
212619009
158109441
235507466
240619275
175968013
200691471
68652820
220491541
8040220
66498336
67407653
43118377
109727529
109965104
188092209
5189425
242880313
154603322
38719292
203902781
39489344
91074370
82145092
200298312
82382666
31321933
8286029
8253267
1740628
156299094
72478551
225627993
172478302
73133920
72478561
103599968
39227232
8359777
187838309
42102630
7950184
6352746
26586992
38719347
9547642
213036924
163876732
1683327
237752192
240422787
203001735
226905991
2887561
209981321
101765005
222482318
58691471
223637392
68751252
63491991
170135447
229134234
2985885
22507423
27635619
86011814
9424815
53309360
69930930
215060403
110137268
3256250
208596922
245600192
86323141
204959691
237113293
109580241
150646738
26161106
97513427
208760793
71585754
114094044
152506333
72151006
113807331
6090724
28258276
39399398
1937385
240275435
158363629
99766253
17330161
62607346
7196659
150835188
188870645
191401978
207622145
116469762
16568324
164122641
114790417
63492122
179875867
247443485
205295647
103608352
85569571
217239597
104812590
167268400
160092210
200265781
202051642
7917632
218951748
6164550
240726087
11317320
91656264
173797451
100610123
156880976
86528081
224456786
237178963
192278610
93745233
31109208
76640348
206680158
81424484
110981223
195817578
195817579
160985197
1888369
211030131
228913267
11325557
41136246
72355959
226021496
82137203
93925498
84095099
44388476
86356095
3682434
50901126
184750222
64499855
8302740
166383767
166383771
189485211
200495264
166383781
166383782
76279976
166383786
166383787
231026858
115404973
177393841
2838706
166383799
20402361
2838716
202543295
120164545
180318402
166383812
72888517
109572293
189223111
227782856
1462474
246747340
5755085
244699346
113160419
15724772
22507753
155087083
60715244
5378285
220909811
215961851
234713340
182219005
68047100
63435004
153899266
150262018
185348356
100823301
185348357
32583945
205484301
208646421
24875291
47771936
241135905
49312034
206696738
74666274
200347944
235688234
87003434
202977581
104862015
203723076
84881733
237318479
115806544
65179986
83505492
7598422
6582614
194842969
99365214
170266978
64811366
73191784
77164905
229798251
62714219
15217005
212767085
226251119
174535022
206696817
114880884
28930420
94892404
96407927
160297336
240824697
105763197
233320830
46256512
28684673
56332674
53580164
205099399
39113101
73888143
15733136
225915281
36868499
79507859
174936467
954777
66597275
9163163
37999003
41832861
88707492
63336871
31502760
237318568
114790826
11841966
156758451
81457588
155537846
162034108
115003837
62697916
225014209
176386499
194761156
203846091
242151883
39113166
70873551
100708816
195490255
82670035
222851542
151196120
27382238
38007263
29258207
9712099
227971557
228299238
150983147
167244269
235491823
236900848
66572784
4714995
62927348
8368631
9409016
3199484
54997503
9744903
200405513
23351822
16486927
35631639
62935577
231346713
228381211
208794140
108900893
86258206
22794793
9712175
112194095
47780401
162140730
103354939
170562110
67400255
35590718
246018625
14258754
189420098
167268932
109883974
230437447
190083656
247239239
236278345
47059527
22532681
245928525
111587918
6443599
74707535
11489869
211423826
241136208
27619926
177541722
190861920
6443619
151753318
31519336
184463979
231346796
233452144
161796721
160387698
180195957
105689722
53269114
95785594
118944379
189379207
168317578
151966348
205574798
55136912
5272211
161370772
242176659
31715990
118829719
8147608
177541784
229028505
164213404
79418013
195801760
156398244
245682855
195801768
195801780
150262455
213054137
23499449
195801787
47698621
95539902
234255045
2282189
29020877
113578704
195932881
227586770
192869073
21754602
105665258
66507506
55186166
59618039
52294390
17429246
221999871
155693829
31470342
92861192
20927246
205886225
82080532
63361814
206803737
145625882
167670556
167670557
194712350
44954399
20910877
198333217
80663332
241054501
28054311
67154730
67826478
229741359
62714672
244273968
205886258
17593144
105386809
66966332
171725636
200667972
33993540
191583052
73372492
218305360
200667984
183104340
178082646
21754711
57635673
175666015
111047520
188666719
207082336
17380195
241718116
108024677
243430245
238490469
57619302
198202222
87110512
27554675
210522996
198554488
247239556
61649797
14480273
226022290
194712467
46470033
184890261
169874330
235000730
222213020
15283102
26637218
61723557
193229735
26579881
114398125
39621552
79459256
43758521
176894906
54743999
232477632
9294783
39490498
230978499
19379139
245560262
220967880
241988554
53744587
210236366
102855631
172610512
205534161
2839505
19633106
151835600
151835601
72389590
235074518
62714835
151843801
72168409
89289691
81089495
54465498
47174617
152212448
176894948
207270885
26760166
240579562
103486443
168637419
73642992
158487540
41571317
87118842
11334650
79565820
84112381
49673214
237859840
100070400
207451139
209605636
184734725
3691528
219411464
102945804
96252940
241169423
145658896
200856593
201421842
53531667
240940049
223335447
113202203
178017308
227775517
182416415
182711332
160150565
160150566
169849903
193090608
194720816
15119413
9294903
225866810
178017339
235402301
241800257
48821318
207492169
2978895
12620880
5289043
156152919
6599768
201938010
103486556
214914140
72037470
71144543
215102561
7541861
80786536
212022387
35566710
65639545
175395963
14570619
237474946
118346885
175395974
118346889
40998030
209736847
162378897
29013140
203437204
195802260
247166104
158389401
62715036
72627359
181040290
155194531
96105638
208286891
214971564
188855468
4412589
75166895
29234352
211768494
232912050
156226734
118346934
16782519
179877048
65115319
8819897
207484091
55440572
12219582
87839935
63886531
20034758
112473286
222778567
109278409
156292298
20034763
154694861
25449682
15480026
236180700
223081694
169317602
40482020
151008489
176968937
32625900
18167022
49706223
200389876
116397301
33780981
157054197
82375928
82679028
46060801
152728835
37983492
236639493
222082310
68408583
60216579
29332746
57832715
244495629
158086420
221533460
240882967
210105626
19051805
88732964
99874087
68637994
226972971
238433583
26948915
191337779
159896887
69416248
167679289
189879612
203248959
236688705
226293059
108139848
205403468
53622093
194655565
237671759
155694423
53499225
53499226
23876955
38483296
221181280
226956643
205034852
208368996
235771237
105969004
225514862
157922670
105092463
247412081
153851250
27194739
6673780
199513463
18929016
83441017
95319418
34854268
97695102
15365503
23876992
232207744
79156608
5567876
16766341
9270662
53499276
213038478
179713428
43619733
12113302
242611606
52598172
15365533
245568926
38155687
15242666
236811691
54302124
235541934
163780015
218404270
217658801
63190449
114750905
64812475
220149180
29160893
188790206
165664192
90355139
8902083
15103429
97228230
236058055
7067080
113628622
190281166
31561168
60110289
116766163
195450327
180090328
218306009
14374377
199054830
218224113
50779633
190322168
18929149
237606403
54605318
116643335
205608456
65926663
15365648
26555930
195352091
1103389
188741149
1111589
18912809
235533865
188601897
214644271
94320177
17798706
39556662
85653047
39556664
39556665
39556666
82703926
107484734
43677246
98907710
159790659
86234693
92837446
226227784
75880009
178607694
23402063
227898959
9524820
150246996
216847957
43095640
6338142
248583779
245479012
200955491
241874538
45135469
18396783
11359855
173373040
89781881
212555386
119289466
245651066
147003005
213472894
236623487
191313534
11597444
15521413
94967431
108304014
47142543
245651088
96453858
181912802
4429462
40973975
177993366
164910743
220493462
55121566
80107168
214857377
80107170
208656036
11949741
240809647
239031989
84858553
8320699
207214268
178566844
16627388
55121599
205657792
61527745
46315202
239351491
6239937
54957767
22542023
195172042
54834891
151713484
31897293
239580879
31471319
145495767
69965529
145512151
28260057
168154846
238122719
77854433
41547491
240695014
26654439
114087656
150910695
161478377
175896299
178681583
105690865
227915506
45160181
180983542
117790454
231364344
154638076
169432839
90330889
31758089
154015497
171775759
65713941
247174937
11089691
209221407
73848608
73848609
170137381
225785638
53303078
242816808
247183144
186881838
63502129
53212978
156137266
220264253
245471044
53311307
162559821
216528717
119125841
220223314
25909074
247650132
5609300
18536278
80885591
95065942
241981270
204519258
214144858
50673496
53311324
59127641
7714655
91854689
155744098
189904738
97212258
79927138
34412391
67082090
2987883
17340269
52074349
95844206
178698096
150419309
227514226
84391796
15464309
194410358
63117178
167794560
231176064
3307398
53499784
53319562
239441802
239441812
167442329
62773150
14579616
230561700
216577960
59053993
193116074
26531754
244152232
162387880
244299696
240973745
85579698
233846707
216840114
65181622
242014138
76748733
240146366
145422271
73717696
228964287
86521800
194557897
31733721
174594011
86824924
224597983
14661601
145569768
4847594
165926890
244545518
176273391
156293105
247257077
71153656
57087995
7714814
176289792
106338305
203872261
83154956
6846479
91289615
108476436
83154965
96253974
218069014
236746784
22583334
239474727
56604712
7714858
81532974
95164465
52721715
120420411
84334663
47282253
192976978
211392599
158677087
163780704
63797346
28702823
170178666
165714027
194877546
180852843
100366446
2480246
174045303
235387000
214472825
156874874
155867257
109508729
3766397
235149441
60856450
241031297
206936197
100415625
235518094
81950862
21698703
119937167
234698901
119789719
168114330
26433692
53196956
215767199
11057312
65165472
65714336
236796064
247224485
216897704
103045290
227121323
84916399
54884530
95156403
224254131
161020085
198949045
21543095
54884533
241227966
114841793
239073474
114841795
114841796
86046924
15145166
66189519
179099861
241227990
197368022
24172765
155891936
208410848
241514723
226433252
23976177
210835703
184318199
7715064
27678973
216447230
164141311
88897791
230250753
60061954
4765955
163232004
68016399
229120274
100186390
171751706
200014108
222705957
17439018
171751723
205707568
25827633
174364976
160749872
193820982
46012727
31611193
20887872
94419265
15128900
32749896
72661330
226195795
25983319
164362585
62134619
242153819
230603103
63453536
69171553
108304738
226384227
242129254
40565099
106166635
12245360
150051190
227555705
161290618
230816123
85678459
42957177
189135233
46250372
81344901
27031942
6453639
119216519
86866311
33814922
183409030
239344022
182876566
188127643
22739361
53295529
195557805
26139055
110016945
31529399
57358776
19315129
164592059
26720701
226195904
231709121
17717698
242178504
6068682
159201739
3578315
42965451
228907470
238959057
214358484
99285463
161479131
97384928
16710118
81394160
20380145
216259061
113695223
15546872
163895803
85842428
198621697
55400962
16685572
8059397
8313350
171424262
36198921
226384397
19315215
70089232
222771728
233437714
223271442
239278614
94968345
211008027
59226655
18938402
201202211
9878061
19495471
151304752
112925233
199932466
14367282
19315250
14367285
180460096
46971457
197384771
40991304
176798281
212916810
175077967
224434769
187816529
10754641
33430102
47733339
8313438
8460897
223926884
75799142
242113126
242113128
62036585
65714797
153868909
83245677
188791408
93108848
242113138
188791411
188791413
81730165
171465338
184736378
20617852
36575868
189856388
221452936
7715471
242096783
57055891
49306262
195828377
195828378
85514911
43489951
201128612
155196069
61242020
111844007
246602407
111844011
189823660
193673901
105732780
110492337
27966132
32717495
167606967
18275000
53263038
206813892
169147077
35977931
235264717
53263056
103135958
235756247
149986011
237435622
227384039
161110761
193805033
200309483
151001841
240679670
194149112
15088386
19512067
184761093
205609736
237533961
82991886
226499344
11131667
2128660
16513817
189938458
246528795
116759324
150256413
226409245
201251612
209746720
202545953
193313570
15686432
26696485
245660455
222583592
38796077
53566254
204454704
77658930
214825787
178944829
193624893
114473790
7715655
97123144
225925967
247995217
218839891
17578836
59186003
41442134
218110807
4922200
156597078
225377115
105700188
109689694
28891999
147250016
12196706
38255463
107633514
150403949
224639854
239819631
158530417
7715697
79813493
118561656
5274489
216660858
145570681
189905788
5757828
197680006
73489286
11656072
163838856
220183435
90594189
120355727
63847314
80034707
227490708
188726166
216193950
164084641
108878754
63847335
208862120
3226539
24107952
192879546
67804093
20921281
150559682
28416962
114400195
239688646
41212870
57351112
159448009
28441549
9640912
189397971
189397973
91487191
237116376
189987800
2890714
8698842
112647130
154147806
245685214
168680415
6765536
110705640
113769449
245685229
22469615
245685232
245685234
5290998
204381175
10722299
165698556
97205246
11738113
27245570
107731972
28843013
72686597
245685257
88087562
50068493
218029071
116374545
245685266
244235282
3439638
112647192
69975066
69975067
115547166
7978015
69975075
69975076
51649572
246987817
229923888
154418225
80616498
16768050
51420212
220822581
200195124
17800246
16768052
102210622
216120384
13786182
67853383
3152968
229923917
224336976
54885460
29195351
89373787
41245790
11770978
88464483
84950116
199965798
82074726
41409640
25943145
97754220
44383341
11107439
79715444
229923958
112647288
76807290
193682555
190397564
235732093
211147903
170425472
98892930
192830594
155876488
53345419
15260816
228654225
150650005
114392214
194559131
223558815
74890402
65707178
206888109
3792055
25902264
150928567
26115260
90307773
171056319
211147969
167615683
61529286
58686663
21265609
168787148
188783821
218086604
94887118
230522064
153197786
218217692
71851230
8879327
215112928
28523744
168738018
92585189
169942246
168951018
15604971
97787117
47078637
22355183
78617837
116333816
184335611
183737596
106675452
77118720
110861569
107527428
24165639
84942088
65101063
163355914
231718154
235298060
64224526
200457488
21110033
109518099
2841880
31554841
157056282
46578969
118996248
81100061
39402782
169123103
2006301
219569444
98286887
42188074
146840877
64486702
84041011
107142451
241368376
82427193
23780678
196869447
4046152
48405836
172612943
28466511
28753232
21093714
235765077
247487831
1678680
5659991
202808665
31456605
174972254
215072097
239197537
191937891
241311080
153697646
102948207
236166510
29457778
236166514
34045300
50077046
239197560
228842874
231595388
32882054
58391945
209730954
178773388
183074189
119594385
188816785
67296659
60824982
63643031
219372951
213179803
91258272
33889698
146890147
18324900
188816809
39370154
6692273
71007666
52059576
49307072
159964609
71892420
236387782
11320776
77790665
108510670
114638288
82157010
176569811
19758550
71917016
62684636
3186141
62553565
202685918
202685920
207511004
18922978
155770339
194944482
209075685
226426337
82116075
245112301
224394737
49446390
201596407
97099258
188816891
40615418
94608893
1506814
188816895
155835907
21061124
207289861
164167174
46013958
188816904
164167177
104635913
48913932
187858446
22969873
4636177
23567890
188816918
59006487
240885272
209493528
22855194
63290905
14196255
53706273
57663010
79281700
175300134
57663016
222191152
179355185
46136881
194895411
66240055
247266872
209944125
247266877
6405695
200130110
12156481
65543746
244907593
153681484
171048526
78052943
62217810
209043026
61513303
165715545
171728473
244702811
201047645
66174558
103530078
85876320
67288673
176954981
68656741
210247277
153255533
238280301
37150321
58900084
162020981
159096438
24919673
72670841
75226747
169721475
53419653
164085382
41016976
205291153
205094546
112959125
245579414
224706203
61513374
11968160
62463654
16490151
10051243
232357549
82607796
153886393
210017977
14196411
209878717
73465537
11968196
25829063
11968199
43073226
202022605
216211149
182255309
11968205
232791762
9502427
229465821
245202653
224304867
177438436
48086756
74972907
67288812
36888302
229465841
6160115
74399477
207970038
68771575
9887486
62217983
197369601
235413253
166264581
5381897
93839114
62635791
93839128
57728793
34234137
179167002
91037468
17334045
91037470
72580895
72580896
91037471
93839137
99196707
93839144
93839145
8314669
98680627
178650932
32726841
205143867
116588359
245579594
205266766
97034066
210001746
153812821
97034072
223690584
85892954
205479770
155729756
12599133
16662364
182738785
950113
114302821
154623845
31506283
72359788
167853932
9715566
204365680
156204913
58261362
39272311
71376761
71409530
240975737
155606906
191315833
23535490
22716291
209026950
29458318
160513935
102891407
47841169
153804691
11845524
214392725
42942361
162430887
97189804
104595373
201138095
40959927
102047673
47185849
195297211
170631101
205152195
236928965
111583174
974791
85761994
184516554
11526093
54460368
150888404
180199384
163217372
72409056
246005730
65544167
117809130
146735086
33931248
112246770
167157748
232734709
105627641
