165085190
161734663
47652871
10559502
109289487
83181584
27377681
81190927
215916563
5611540
224329746
58523670
8847380
205537305
69615641
11419675
207503385
192495645
192495646
227614751
192495648
214908957
15081508
39452709
31555622
189874215
214540326
245710887
174022696
147374128
91226161
182329393
165085232
174063673
174137402
42270779
13901884
41410620
41410621
72933442
146735170
9281604
2547781
155115590
237076551
44605513
212721738
173719627
68747340
49905741
238821453
95715405
11993166
194429009
56090702
3596371
83107924
14262357
175906901
116179031
240164958
55418976
109600866
92430435
116449380
192675939
113016934
211279972
245653608
216817769
71778410
63766636
232079470
52224111
58417264
67043439
15425650
108060787
188555378
109494388
85278843
90800252
75112573
92430460
155492477
158187649
79798402
114507908
212099205
246571142
62587014
208027780
46596236
7004301
21536910
44605582
225124493
234430609
212508817
81625233
81625236
116654229
158187671
231268504
6430872
171712664
45449368
246931609
2302113
98754727
41648295
8102059
207028395
51495085
23699630
228090031
21512368
19062958
233644208
43180211
247267514
103399612
97673404
2089151
63307972
43565256
189997256
55599311
247685327
78766289
154869969
52142288
208380111
64127189
220102867
25092306
105857237
48300249
163135705
63217882
11419868
198123738
239034589
189997279
36978912
218603736
236953818
57655518
46063844
70525157
218382565
202850535
57121086
73916648
217006314
184762603
41402605
12083438
180519151
44892398
17719535
187080944
182706420
4849909
33153271
114426103
166797562
17719546
41066748
119841021
182354174
232866047
163135744
59146496
223297789
71549192
156860681
4808970
154181899
197042443
76546317
35709200
178946322
40287191
46432533
172654871
84107543
55902487
43401499
82977054
230965535
114139422
6758686
106651938
36634915
245637412
232808741
204054822
6627623
198172964
38396205
62169390
39682350
152609072
41238836
156614964
8823093
59048248
206709049
206709050
20742457
41230651
80830781
106570045
98435392
205062466
91676997
119030087
35578183
204202315
229974348
151920971
157057361
187457874
73761106
83288404
246251861
20840790
192389459
44884314
246251867
246251868
183165277
46235998
105898334
58491233
81412451
188563811
21569893
166551908
202875237
234840427
94658924
17973615
114295152
3326320
223478135
62366072
115024251
207405438
192045439
31719808
53617026
81412482
222249347
235782536
226369928
64266634
113426827
233152910
7790990
11059600
240624022
157344151
185057688
186687897
226525595
232038814
154739104
92021152
220848546
101491108
24576423
52347306
5702063
5702066
51216822
223076791
110895544
6578618
210043322
69951933
176177598
246284734
85352897
58048962
68575683
9060804
174227913
169083338
71754192
221823442
13926866
158679506
229466581
32580054
27148756
237076955
229704160
212427233
214122977
90325475
37970401
154755557
204202470
164897251
106045928
169083369
185385450
168722914
113189358
115319282
105759219
200589813
195084792
247693819
158188027
67518976
40378883
236012035
240304644
44548611
202064392
45138442
19620364
236020240
84648466
163725843
106193427
173998611
240714262
79594007
102621720
100033049
202875417
26731029
237068828
72483356
73064988
34144799
158188064
21881372
80290338
221659680
95404572
95134246
201146921
61923883
168755757
212230702
158188080
10052145
235536945
234480179
154755636
38126133
44884535
99394104
242098743
11452986
174613054
152822334
62587456
19210816
91202111
41493059
190005829
151626312
235471434
53273163
191677004
16573004
41370192
209732177
222429778
18276956
109511263
28820064
164487777
113468002
189989477
41419366
229704295
7086695
116433513
150438503
188482155
23888491
83149421
61743723
179257965
72884848
233431665
3441264
200876659
3818099
246702709
99091062
8995446
82993784
235078262
113820282
55763579
150143609
80863869
226304638
66216575
21324410
168133248
49930882
187548285
211436164
98026114
237544073
23888521
29016716
54198925
169181837
200884879
47923856
170869390
48063126
26083991
199287450
205562524
103645853
189771222
92095135
194634400
105562784
31269537
200131235
27140770
105751205
238633638
26108578
12075691
31269549
205071022
65938094
186737340
68313788
88179390
17883841
179667650
115417795
224527043
224264897
218637001
205865676
117285581
230400718
118751955
17883860
203932373
154362582
72172247
58917592
15327961
165577444
184517348
189989607
21963497
156787434
205865706
58852083
212640500
45851382
223224570
66233083
113664768
104039172
215081735
20161288
31335176
63865610
70353679
104604431
188547856
62276371
161997589
112739095
169149210
204489500
203531036
92398366
188547868
70353697
146826018
231359266
117302050
42910499
235307814
186811175
219734829
237134637
156590894
230974260
77128504
109481919
91538236
1524540
116622143
211845957
195494727
81412942
46154575
212992847
173491024
229253971
226943828
245998424
93930331
155272028
1549149
19645280
32457569
2949988
4678501
116286310
55722857
213918570
33088362
70353770
2949999
162431856
171475826
103416690
212681588
241673078
242123639
47211386
6447994
63202172
151348094
9233282
11043716
227099524
214483846
174744452
217924489
15500172
191685518
220922769
210543507
53830547
91743123
156418966
236643223
116171670
6669209
102876061
233399198
43713441
194003874
29025186
2999202
52536229
97821606
2999203
6587304
7766946
91874220
19317677
53191598
39109551
7545776
163734449
41706418
2950067
216875950
242148272
81290166
21701558
79496119
70353849
64807870
67986367
223110081
115803073
60228548
102769606
164201414
154616776
116491210
231613387
240337868
162104274
155091922
115188692
77767638
53167063
97117144
223110104
177169372
12821476
90874853
174023652
146809832
78709736
55493610
101663722
40289263
197084143
239739894
41141238
21857270
93242360
24740858
210486267
205710333
242344959
219366400
31900671
38052867
53658630
247628810
231040010
235267084
201196559
7848984
94561305
221307930
238011418
169706527
210093087
24159265
20349983
236921896
109921321
210093097
60261423
65406003
165454903
234693688
169706551
6202423
153691197
245695550
92079167
168117311
54715457
235824189
236643396
245949514
153969738
229925964
247358540
209798225
109708370
226526292
80405590
201516118
72156248
209093721
110847067
6833244
98083933
80864351
221168737
246301797
65643622
199197799
195789929
18220139
11478123
169706607
150865007
245695603
244769908
246301813
100131959
10658936
81290365
6464637
246301821
246301828
246301829
214992008
188638345
150897800
64873617
100222099
6833302
115606679
171066520
212714658
195814565
187966630
194733223
246301863
217982121
101459115
246301867
94995629
246301873
21636275
63857843
157541565
187827390
183927998
2958531
36586692
22922437
155772103
71779528
168715468
63014094
16516303
168715470
72860880
55493843
227419356
201688285
20309214
227419358
2958561
181912802
214983907
214983908
45450469
219743462
214983911
6112487
73876714
2819307
159122669
205235440
217982195
214623476
8529141
31687927
233579768
220734713
168191224
104350971
77227260
6464767
8103168
246301952
150095106
176121088
19375367
227124488
9717000
82519309
19039502
247424269
246301969
11937042
86353171
170534164
236963089
236963091
191800600
41362714
171066651
234317084
61850908
81298718
110617886
62162214
219596070
146572584
178103592
26977578
100394282
246301998
71460144
55821616
197059892
171066679
1828156
178144572
50890047
42501439
205260098
88515906
99468612
113111334
79783241
36488521
223216970
234317128
84862286
13854031
174785872
205727060
118375764
145401175
95366957
174605665
238716257
52348257
209249636
92071268
162448737
89425255
158311784
2852206
104580462
84731249
208045431
94307704
67962233
236324217
186533241
176383356
205055361
231236995
177341828
179455364
179471750
49481094
195560840
227231112
27002249
3007883
198051203
82789770
65095054
38782344
179471761
65906067
6595988
151324053
3302809
151602586
171615641
151324058
66110878
32236959
164521375
1697185
146597281
69346723
34956706
235857311
109503906
174024101
234702248
81634731
75367851
191161773
3450286
202040751
168240557
115336625
238716338
62678451
153568693
178865591
182207927
7718330
218260923
209880508
7013821
82003390
69346752
203695553
158320065
188458435
26174921
216614346
212092362
7792076
31901133
39577038
4728273
154715601
199402966
3302871
150521304
69346776
67782104
234685911
26314206
95757790
231179742
221717988
245384679
226993639
199697897
21915117
179422702
69658095
56010226
11642355
5055987
165094899
69346806
154715639
3556855
201909758
222307839
246212097
9225730
116278785
116254214
158205446
8300039
216909321
16729608
4711942
80389644
69346831
160089617
14272018
63489555
223077907
216909331
83068438
247842326
182691352
224355860
167429658
113813019
75621915
52545053
194102814
223077915
100992542
191784474
178988578
69346851
62015011
213100067
95716902
197903912
180577837
75163182
217900589
104752688
233211442
68298292
39372345
8545856
68740673
186385987
23725637
67913286
19383877
237061704
109585993
200500809
156329547
238921290
209438291
217900627
201802355
69862998
2950742
66037337
227001946
92423771
224413277
178579038
220202592
156763746
11986535
181716586
112035435
213255787
117597805
211871344
165439089
2008688
92972659
227247731
62359157
153806454
54765175
171353719
166274681
51103353
1771131
161998459
37054082
63661699
100992645
100992647
43116168
80586381
150488722
24643219
39650963
212199058
41551510
4417175
9987736
11232919
154912409
31385238
232203923
28771997
178644639
237905568
238954146
75048613
186345125
200492711
210511528
32548525
220251821
213616301
38594224
62621364
150996662
22546110
95438527
177972927
41518791
22914759
171042505
36554442
146663114
80529100
62187213
160376526
177972943
166512336
206718674
38504149
178644693
220571351
225101528
118154969
11011802
244844250
190482139
177972955
227600094
18573022
25011928
185796321
9856732
202655460
30066406
240609002
215377644
162981615
249145072
45418228
58001142
178898686
26707710
39708416
18466561
176023297
84371205
75704070
170862342
210205999
46892811
31980298
43429967
48621329
220874516
55011093
93529878
170911509
204965657
78579482
104425243
244672287
194266914
33228579
239920931
44975906
28632870
220890923
28632876
217458476
10577711
154642224
20973364
87164724
202876725
23840570
204105531
154093371
211879744
55052097
199526208
103622465
61491013
203720517
19826504
61491017
236685130
61491019
10577740
61491021
110266187
39069513
113026894
103622477
239093586
10577747
109274963
84133717
2516821
8357719
222398297
52995930
28436313
238946137
173819743
119605089
21964641
150914922
41381680
220882800
113026930
173705075
207169396
32663414
194217847
151439223
62334841
62334842
8996731
216663931
41928569
205563775
110110593
230688643
235472772
92202883
38315912
40806283
207169420
238725004
109471634
64554899
4933524
189048725
179079062
150333332
39217048
9996186
200042396
14854045
14395294
151660447
15067040
235472804
206964646
194676649
229951404
113092527
175171505
50833333
107505591
17639351
154347450
33793979
36718528
4753344
23898052
45164485
57026505
45942730
225527759
41265104
227493839
8996819
62334933
8398815
161941472
2295778
92055523
19646436
174131173
54872035
154675176
163817448
168142826
19646445
215025646
195848173
227575792
92080111
200591346
201844718
83093492
230524920
15083515
16648188
37906441
199575562
22915081
210479120
168323089
54618134
92080151
203335702
182306841
189990939
86214686
113879071
7522336
19376159
163727397
198952998
92080168
195389481
212363309
226756657
92448820
173959223
187738168
240150585
19204154
9914426
1550395
59148351
151816260
153651269
155322438
163727429
181594183
14370885
19646537
93243466
62851147
200837204
83052634
175016026
173213790
38545502
109398112
94398561
164685922
223160417
189335654
112994406
14190700
104704109
170387565
170387567
23218288
210307185
23218291
25438323
23218293
74844278
31664247
110504055
181946489
203802746
81913979
186566778
100042877
151816320
79554691
175892612
235325573
20179080
207087753
31565966
70920336
185280657
151816337
83331217
36890773
21964949
230762648
62367898
213010589
235530398
26978462
151816351
42846365
64694434
164472998
189860007
31721643
239872172
199878831
69519538
189860020
42027190
119793850
56928442
75401402
20580550
67848391
68929736
187304139
239036620
64694477
38365391
183085264
99969233
223365330
83028178
42248402
82233554
91711706
68929759
2484449
54946017
209258723
159082724
29853921
195455206
227002598
92154088
5097707
33319148
241641709
240134382
159262958
182077680
207833328
85797106
105269489
59214064
80038134
150194425
27838714
46254330
106834169
209258749
108497156
97159430
107833606
59615495
171985161
158329094
208292107
69363981
17688846
182044943
106072335
119589137
151488782
95684883
158329111
21530904
195594521
187336985
178579737
57116957
97265951
42518817
205228321
62589219
51144995
7956774
113658151
113658153
14772523
64342316
186247471
244795695
43329842
42961202
23767348
150194485
27052343
176171321
91531581
239782206
183372095
41093440
151488832
20105539
101312836
18573637
145557829
15722820
196299080
150858056
157321546
97200459
8513868
84191562
12421455
186157392
73787732
34253141
158378326
155806040
4696410
31656283
82119005
14854494
59517279
203770210
181422435
163334500
161450341
54348138
19040619
20261227
200657259
212969842
181283186
211454326
93538679
189991289
61581689
151005564
22509046
202295681
54970754
222439814
167184776
162654602
103147916
82463117
240085392
200247702
26731035
152242585
4417946
158189978
105048476
6752669
36571551
28584353
242723236
108857768
8153519
155117999
235882927
202844595
42797494
227461558
171010488
52562360
97175992
42240443
158190010
167184830
73787839
170944960
195193281
34589123
55429577
48196043
68733391
45222352
165112281
84085210
60778972
37194204
173820386
73787876
150268390
2763241
68938220
46541293
203581934
63850991
85461488
190007795
83290611
26724852
65767927
108128761
206703098
110037499
216418812
41634304
46180866
52562434
40716808
12667402
46287371
28355093
78613013
85666327
112749080
38545944
189975066
204917271
153528861
92170782
176179745
15518241
244648482
114764323
89106979
33163815
115198504
227027497
216664618
197110314
23898669
219720239
51989039
33311284
29043253
82774581
18238008
10766905
193743417
183429688
229206588
3074619
171862593
229206594
185313858
209095233
247032389
119097926
83429959
84855367
150194761
96463426
70969933
29362766
153725518
10742351
45304406
119589463
68250200
47827543
211970653
31623773
240822877
164358749
43747937
46131805
50858597
210405989
210405990
75598441
63531627
165898863
26839664
202746479
28977778
117213810
27748978
239815285
22776439
232925816
232761976
162974334
81857151
25823871
39561855
38652543
95627907
35703428
12487295
111872646
201370247
83044999
24464006
57644535
47737485
220859025
220392082
95627924
94349976
102689433
47737499
183585438
168241826
242150052
92301989
78334629
206842534
241150628
6482601
113306283
12683947
26127020
78744238
92301999
62704304
82709176
71502521
16509628
93776574
8596163
240233156
239028932
61975238
23055046
230271688
90000073
209111755
179391180
15436495
16706255
43354833
158190290
235440851
61475540
39930581
8596182
246827733
209259226
7367392
3771108
238856934
145574630
80038633
184306411
240102124
172747503
21719793
181250805
45746934
78744311
236186358
100633334
110111484
9480957
164334333
81939199
233024255
107014914
180873988
237595398
184601351
237595399
895755
201861902
181250832
181250836
164719382
108669719
196348695
158190360
18901791
100264737
96750373
158190376
216795951
70830896
1469235
69897012
104966965
40979255
184347447
181504825
22899514
205376315
62846746
188418877
91753279
180505409
38431554
6867779
205376324
110005058
21457732
146796328
43010888
146796329
146796330
146770766
90581841
97184594
110685011
176450388
242764629
44624726
75852626
24931162
236104539
237570909
236104542
12610399
152243038
36268897
14199650
217377633
205376355
206891877
116378469
72911719
28994409
76606314
59779947
81308524
6458217
45517673
23702383
216664944
21498737
17574779
217017211
241847166
157961087
75787135
85846911
5163906
174943109
15272838
158190472
7826313
200199052
41315216
94555026
41143186
158190483
110046098
59124630
107445436
200895391
17558432
153897896
101026728
238922665
238922667
110046127
93432752
195570609
73829298
179080115
176360373
154610613
40438717
8063941
81316810
208743370
227191755
11561937
99118034
54897617
14101462
29109207
115133399
205310935
26143704
158182363
178588636
186387421
155126743
37907423
75508704
9432030
242559970
242559975
37907433
241134570
228281325
74263534
92457969
29043697
54692854
117828598
182143996
214379517
211594238
73853950
51383296
240724993
189451264
56192003
226331652
40709125
4606979
242797575
193858567
62204938
81816587
119647244
214690830
90549263
71953424
24439825
113593362
97627156
97070104
185715737
182561818
97070107
184290328
24439836
234253336
104877087
33967136
38439969
15100964
179325989
240733221
201042983
209275944
230591524
66522148
31419433
154364972
176057389
222940206
20155439
18762800
54209586
109464627
221826102
46369846
226921530
183061563
150211643
211045435
22490171
117328962
213675075
61975621
62123082
216804427
216616012
72543309
168881230
90344526
71068749
244247629
6179924
216616025
188435545
31419483
109497439
238103649
24439905
158092388
222989414
57085030
60222570
60042349
210349167
9419906
18992242
103410803
1748083
220662898
104541302
9276536
35359865
155888762
114125946
231951484
201518205
96889978
19917950
94006401
85044354
162933891
31485060
10587268
171609222
245050503
35630216
20941963
41168013
181832846
234638479
26653031
193293457
242723982
116165783
68897945
95743131
35048604
157740187
1469598
243403935
198552735
1469599
190033058
4631712
70298788
109948069
100723880
105852073
61492394
79465645
190442670
39005359
25406641
26717363
212651188
78605493
89574582
180718775
114953400
213011644
38440124
224332995
199920836
182381764
52128967
87583945
246254794
52366539
205327567
96955599
183897297
225643731
214133971
247352532
16182484
231091416
176688346
50883804
82406620
246590685
2837724
9325792
25095394
4025571
82201827
235138280
26176744
108670186
199765227
89918698
53767402
234253556
70495477
2837751
234253559
247926008
68971772
115084541
21875968
174353665
43289859
85789955
218664199
9325832
209005834
2837771
63261964
26504461
196996366
11619599
77196559
93555985
218123538
43478286
68971796
228052237
207375642
234458396
244993308
179490078
31378718
2837792
21572897
78630172
166743331
245509411
10562853
91606307
196996390
2837800
214699305
209685799
31567151
85601583
166792499
110800181
67054907
76705084
3681599
34557251
161238341
77614406
172346693
217288009
2837836
155241807
2837842
46419282
81595734
9958894
103492952
40367598
2837850
57019742
155241825
183274851
89451875
88608101
171076966
246590821
92990824
193719656
238562666
242724201
21638508
238562670
5991793
65637746
93678968
119451000
214494589
207285631
188591487
35736961
203730307
94473605
22695302
155250055
24374662
203730309
46779786
113618314
114126220
162868621
220884366
203902342
229739920
54242704
180227474
237497740
114904470
219549078
193760668
232983966
185634207
232983967
242109854
43290018
103394723
217157028
2837924
61894054
2837925
180112808
2952614
233737637
161394087
171617708
10497453
221130156
167685551
117673392
10497457
26996144
47050161
192523700
59207089
241814966
246549943
24587703
19885496
34631101
153447870
34352575
170659264
226364865
65785283
219049412
114265541
45952454
229862855
168914376
97840585
26701259
181358028
156241357
81292751
238415314
86379987
24489428
84995541
247533013
189672916
182693336
163466709
31542746
155856347
81292764
72027611
82652634
203779551
146771416
242732514
104508899
11046372
84004330
246885867
24489452
238415340
26856942
190860785
46214641
73838066
228194620
3747319
10595833
8220154
146804219
41037307
38694395
150498815
151301631
234204672
11931137
246885888
246885893
79719943
113561096
58453519
41414164
235941398
218811927
97209880
158354970
179662363
11095585
200396322
80399909
29855269
168152615
182382119
147344941
21524013
193539629
163696173
198397486
188468781
17698354
106937563
188468792
93113912
100068921
89370171
212676155
11095614
116534852
6827590
97619529
19344971
12037709
156282447
97070671
150203984
161328720
212110932
116862548
178638424
83193434
235343452
85126750
71257695
92499554
71257699
83013220
12193383
63524460
185347694
27553390
233852529
217001587
103632500
5197428
230936182
55701113
115871354
160493178
237571707
106081915
196087422
240258686
234745468
168185466
90615425
60280451
221752965
45198983
240340616
31559305
93097609
5516939
219418253
188550801
78605969
220191932
160403092
215764629
115224214
18329240
217960092
234204830
32206496
215871138
91614884
33091241
39063211
91934380
188214960
156929716
240340661
242200245
212962999
212905658
44805821
158928575
59035327
119910079
54841026
33722051
48967363
184323779
237907649
66252487
184323783
55004865
12218058
150499019
246542028
21655242
150499022
64761549
46976717
150499025
190172880
156700363
2166484
155127504
153571023
1535700
241233624
88182489
105721561
115027675
115175129
158183129
21999320
11103967
234606307
26111715
155619045
81579750
54898406
80047849
7220970
150351594
8351466
212856553
39472878
158183153
41193204
90869493
19574517
156004087
175853304
158183156
247353078
10850045
27373311
158183167
52932354
62664452
246976262
88002311
19861254
183176970
104869644
85421837
1535759
32575248
185364240
197103380
67727131
53088030
229756703
38465315
163532580
70045477
96407333
219541287
217403176
180203304
146796325
205352747
27586348
167022381
24194862
64745263
200814384
119803697
246542130
75788082
226348847
194932529
6385462
95366958
77631288
242880313
195702584
242200378
202043199
155701055
226422594
203697987
167841605
246542149
8023879
165457737
36573004
234557264
234205008
212299603
156299094
182071126
204148569
113184603
246542172
173543260
31674207
103599968
50433891
110833508
205246308
42102630
151203687
6729573
53415780
101642092
167022445
11325294
9449327
80924528
36204401
81121137
21892973
33099637
21614453
12201845
77262713
11325307
163876732
150851453
101642110
167858047
71069568
187608960
160894843
7294848
103600005
103600006
72241029
26120072
2887561
103600010
203222922
158330764
209252239
158330769
216838034
11325330
177254292
189845396
244494228
81776534
18640792
149237656
194146204
47861661
231968670
17330080
174026656
169078691
27635619
150425510
164720551
231968679
55029674
241840047
240275376
25030576
68317106
234819504
110137268
23474105
163327930
200855484
187887549
202043327
202043328
202043329
231968703
202043331
57978819
153702341
190435269
231968709
202993608
231968710
231968713
181612491
230903756
80449484
27635659
164491210
26161106
68751315
180531159
181612504
43241433
115191767
199716826
63762396
77729757
82079710
69431263
72151006
161296352
68751331
156880868
76287973
39399398
36294632
73748460
102772717
162476013
242175983
98709492
62402549
16486392
156880889
71077881
208580600
210472956
78483452
210472959
208990208
207892483
154677252
118394884
89092099
205426695
211218439
40988681
93483018
172044299
85577739
156880907
188477451
166219791
234319884
192581651
197423125
54890518
43282455
45584409
239587354
46215198
21450782
103370785
57143331
21680164
54890532
36900902
103239718
235597864
178925610
217247786
194252844
233730090
183005231
8605744
217247793
159764531
188477492
242274359
173928505
240234554
33722427
202051642
231264321
232083521
11464770
244609092
22507588
72544328
220287049
197423178
109654094
220262479
6312016
246542415
224456786
91000912
206925902
6115413
216789078
153997398
43012184
170553433
217247832
174469211
36646995
206680158
1822814
188477536
9203808
195334239
230748259
153997410
84013157
226357342
153841767
7245922
12005482
155144300
155070573
220893296
46289009
12456051
45437044
201527413
41136246
11325557
212217971
205893753
93925498
241668212
244019324
29053058
95867010
226357381
50901126
37777546
166776971
98578574
154693777
198840469
153809045
28004501
205254807
177385626
61829274
178639004
19509405
195817629
9449632
116355234
101544099
76279976
209268905
75796651
246575276
178630827
50819243
172159151
57692336
200003761
178704566
42305356
163958969
57692347
38211773
161386687
118943938
214454471
97751239
6164680
7139532
81514709
78270678
8171734
245240027
167776478
152735966
46149858
224358626
62288101
95727848
158290154
32870642
13807866
64917754
63435004
7713021
204148991
235507969
153899266
102732035
100823301
241832199
201208071
161190154
167809291
226259212
240316685
156569869
174960911
212848911
4894993
146805013
218747158
167727382
117977369
62697753
36581659
21303583
241135905
206696738
160985380
61755685
182997286
97022247
97022248
193704230
116150569
46215467
51540267
116150573
193704238
86356269
71725353
205500719
71356722
155095346
153489717
165032246
229265720
84128058
224538940
220893503
232067391
58847553
10924352
39817538
84881733
223932743
182333768
240636243
218141012
7598422
15201978
105525593
46813531
233271643
241684831
30151008
231223649
189895009
227250531
109629796
97202532
37769574
86331748
170266978
77164905
97210729
229798251
77164908
51786088
108433771
212767085
235762032
62869875
86823286
10670455
245035384
180556153
100061560
205894017
247558530
235516293
4436357
217854342
2560396
108507541
63394198
31052184
201716121
159576476
188666269
11358626
63394212
200356262
169464230
217649577
220901801
75665837
35778991
33378736
192197041
156758451
168456628
194679220
5476788
35991989
115003838
7827903
115003841
64909761
226529736
174125512
23007688
41767371
241119688
194015694
83055055
100708816
4477392
39113166
208572878
166769108
110997972
181342673
200577495
67957208
215257561
220516825
218001881
31511004
31592924
97391069
211808731
150729184
75264485
247337450
150983147
151065069
166769134
58798574
115601902
86348273
176050676
178721268
117371382
63484407
15372793
151826938
40382974
54997503
191762944
91156993
77591040
171495944
183104013
31601165
25489935
115003920
192885262
19493394
237285906
182989335
35631639
38687259
54153757
240308767
226357792
226357793
170816035
7770660
48214563
173724198
235770414
237285937
186257971
7213619
213324339
97292854
4764217
41415228
65647166
61313316
221631041
31683138
239743558
109457990
114143816
18911817
229552711
229552712
215921227
79745613
114143822
215921229
11489869
79745619
200536660
168628819
229552725
240098785
66687578
53285467
47788636
229552730
229552733
53285473
158012002
158175842
66548324
241422950
162378348
242078317
161796721
46371447
170562170
56291962
95785594
118944379
104714878
170553983
39195264
4715137
162378373
153604742
19862155
26243724
7910030
92304015
85160592
174346897
89739922
25301650
247747216
25301653
153186966
154309270
212710040
161370772
242176659
190403229
94409375
31265445
86340263
93532842
75256493
199578285
27857584
84988594
157528755
168694453
188207798
16683703
31650488
195801787
39195323
154063547
82571967
6484675
209277638
242406089
204624588
6484685
227029710
118174414
146600652
200364754
239252179
92402388
55268057
167670489
39072475
171160284
151974617
151098078
181416672
229364448
231027427
183030502
193770214
220230376
64148200
93582058
105665258
55726828
118944493
39195375
27308787
5337844
189895414
35295997
200889087
6894336
158446337
89559811
19378948
62255879
246625035
11793163
101487373
91493135
115872528
166499089
235262736
33125139
62632723
28381973
115118868
212906775
182129432
161862418
158855953
242135835
158855965
194712350
39244575
226218783
66163489
56693538
164721443
55522083
146797344
119706410
172266282
146797357
150590254
64738094
217035571
161289012
6484789
146862903
203256634
219960124
231207741
218657598
95728449
2888514
151360321
212235075
66499397
238662476
28881742
176354126
72676177
89699156
23335764
12243805
158856029
155702111
71316321
26850145
12620644
17830757
29021030
230871911
181359465
25031531
25506675
171021175
72643453
80245630
200553343
64787327
100184963
6632325
64533382
176108424
150147980
179590029
199742349
204059536
96080784
226022290
38523792
14480273
14594966
2503575
113283992
87716760
190837657
183333790
169284511
26637218
18486179
215593893
69677989
166663082
42832811
150041516
166663085
81859503
173675440
197997488
87716786
188478386
150303666
10965942
96154551
79459256
240604090
5608379
224236475
26121148
15332287
81802176
228848575
181752769
114258882
22377412
187773894
80253898
82965451
245715918
82965455
5223376
205534161
31953873
8967124
110580693
239834071
81089495
9294808
41161696
162558946
176894948
84186084
182899686
11285479
232870888
168637419
103601134
154924015
158217198
238998511
8967156
197940213
28341238
43668470
234091511
229528565
209114103
151000060
11424764
23270398
54998018
226694147
6321156
103601156
207451139
72487943
34460677
48321545
219067399
59462667
153408523
32666637
106157069
63730701
179901456
201421842
215118867
68301844
204026901
73806868
162558999
104977436
202896414
113767458
160150565
160150566
11424811
169546798
194720816
95155251
28603445
203789365
3585079
62583864
58504250
203355194
215086141
15053887
21533770
244200531
92091481
174579170
109638751
241865823
235058273
71144543
169768033
92951657
195122283
5772398
163468398
163271792
108696695
236704887
104371321
236704892
175101053
9704574
184644735
77780096
192164999
78935175
156415118
168137873
72889490
3773588
29013140
80147610
207451292
18838684
42841249
48813218
181040290
38106276
224359586
193737894
54465705
41366697
105723051
94352553
4412589
232928430
216659119
52614319
52622510
244004016
105862327
83326135
184915130
232920255
8443072
216659136
216659137
216659139
87839935
39146690
112473286
63886531
6902984
64771273
163468488
231150792
90993868
154694861
39285962
216659153
208762066
221304019
213005522
25449682
17667285
81237204
34239708
173987036
79287518
174249186
196089064
151008489
220042472
88134891
7951596
2716907
194761966
211121387
49706223
27505907
200389876
216659188
146863354
157537530
40858876
159790333
55440639
209974528
2987268
156235014
48968967
216659210
57832715
29332746
19502349
159790349
216659215
216659216
156136719
154531090
26140573
19379476
82703637
241079574
52353346
97195288
49280281
211359004
201209117
79607069
159577375
216659233
102036770
104338723
173364516
15111465
200889643
104568107
226972971
71857454
238433583
199955765
223687990
42825013
173962550
99095868
40351036
100275518
203248959
238286149
114537799
68965705
173937994
200291660
242840908
198317390
158274893
221484368
62715217
224621906
147346771
22361426
15144274
68744534
12629335
81376598
235623766
195302745
234550620
19502432
178713952
216757602
42825059
82089320
83170664
50099563
23827820
78460267
237131118
89568621
42562928
92452209
208680307
68744563
182744437
41366901
18888055
233485688
65705337
199513463
42825080
39499133
19240317
23876992
111883650
8484228
28333445
223655301
75928966
55309704
247747976
161035658
156300683
238810506
75928974
245036432
200316305
48903569
167572881
60765585
43619733
166213014
103380379
113030555
233469343
15250848
51959200
156374432
11842975
48330148
216159652
45299110
163280294
20387231
104969641
46249386
46249387
1512871
26367407
82777524
112539061
242881974
236459447
205469110
234362297
105878972
211826110
28972479
33174974
164902337
75929027
192583108
8902083
236058055
28456391
62633417
189994442
62625227
33748428
32445898
190281166
223049172
158176724
171439572
195450327
52573657
105756127
202872287
221672929
14374372
18142695
105756136
154580458
153589226
163280364
188487149
15201772
53024239
236058095
50779633
247346674
225654259
238605812
192583157
189994485
189994487
113423864
25449977
184587770
208967160
147346940
4773372
236058110
238835197
245183991
241587710
82982404
83162628
35681798
104715780
61798719
158471691
40351244
230823443
192583193
101701146
195352091
211146268
1103389
19297820
104715808
192583201
215266850
91600420
104715812
85538344
18912809
220706346
168498731
147346990
17798706
110818867
118535732
57128501
39556662
65001010
39556664
58766905
13784634
39556665
39556666
156309053
107484734
238835261
104715840
167122493
22476354
93279807
47380037
93656645
246879814
69318216
67819083
171988558
33289806
76863054
62821967
199882322
63395406
206984788
171996757
88036946
115324496
52729432
45454939
166057564
42694237
13784672
104715874
43030115
224368226
25015909
194229862
13923944
46667369
241874538
206984811
32470635
45930094
117528177
22681201
64271986
154203764
235615860
113104501
11425395
50894456
2291321
193894001
31381106
213472894
184505982
31381123
27612804
14415493
27612805
109393543
227481221
47257228
86316684
108304014
200480401
199538323
81843862
246470294
220337815
75118230
164910743
212588190
204109473
79410849
64329378
214857377
24065698
31848109
43030190
79410862
34444976
241202865
165746354
208819891
158103219
237631158
216942412
207410874
213718714
178566844
15636156
177780414
155195071
40597184
93443777
204117697
196335294
108385987
105780928
98358985
54834891
19961548
194189004
194189005
164910799
83203793
26171091
240826069
151353047
211949273
8591066
21690080
8550113
77854433
27047649
6461156
169793248
180983529
239752938
84113130
150296298
92362477
64198382
154064617
52360939
239056624
161478377
19879668
231364344
45348600
220854012
163075841
179369735
216528649
81393418
55711499
202872588
211269389
247551758
62445328
77805329
177002259
182515476
54974227
85907222
110745367
159045401
182515482
11089691
103511833
89995037
6461214
27612958
21575456
237614880
101005090
239974170
170833701
198956843
34879275
33126189
174520111
26269490
240834355
51189556
226080565
201496373
192100151
195409720
76748602
212563771
31258427
58464061
170833725
229619516
235042624
226481978
195811138
229898050
216987460
174520133
199702338
2938697
238294859
180287310
209262416
119125841
220223314
246355795
241981270
67999575
247838551
19360766
232781659
61880156
6477662
173217630
219920224
195581793
189904738
178050912
190117726
40712034
224253797
247347045
6936424
240850793
21731178
69343084
43292525
31987566
161716078
32012146
19617652
237229941
208279414
199055223
113039227
202995581
151697279
162420615
163084176
27555731
77117332
212981654
222713750
43579290
93050779
179435420
206657437
47830943
242923426
67311522
230561700
19863459
204953510
113784743
50362280
80500649
162387880
151205803
225310632
184137645
20166574
192157615
240973745
150804401
65099699
209237940
76748724
205723572
19863477
3307448
26154935
105519038
240146366
106969024
145422271
11794366
13957059
217929665
42907583
82122694
150394816
82212813
36575182
197040077
222468049
83335122
70350805
152696789
46880727
195753949
237959136
6485992
221583337
168638441
75937768
91183081
150394861
97613806
7084015
60823536
97613808
39622638
60143600
7084020
87824373
247257077
174462959
223221752
203732985
35624954
57087995
6486012
202897402
70875136
176289792
51042305
106813440
157054980
156112897
101398534
233043976
119535624
63510539
104970252
201775117
110811151
63510546
63510547
38254611
244906005
8329238
218069014
198547480
63510553
37885978
116144153
97613855
236746784
40278048
176781347
63510564
229734437
31553574
175912996
200030248
212564009
168212517
63510572
118708268
72579118
65984556
63510577
237959219
233371703
63510583
65796153
85563452
168212540
168597567
54614080
175093823
154048578
66910275
200095811
35780678
211957832
174463049
61995084
5355599
84039761
227375185
57784403
16095316
72751185
94361685
211392599
8575064
180820057
41392218
147028059
5355612
42031198
84039774
166377568
83540065
69302370
163780704
3709028
152115301
211359844
63510631
7968868
45774950
220362857
63797346
217921644
194877546
100366446
89487471
60676203
187218033
205256818
5355636
73873524
73873525
174045303
155867257
32290937
114407547
24156285
55400574
19675263
54614145
9001090
62707843
31070340
203536517
220887172
77895815
36501633
16611463
241031297
82212994
63510669
105478285
237705358
15243408
14276752
8591504
217921681
4085901
190232717
71227539
54556823
119789720
168114330
203536545
45209761
209016998
204150953
234879146
116603051
84916399
180426928
171849905
179206321
171301043
36731060
221878453
3709110
54884533
20399643
7583929
81238201
194508980
105052350
116168895
239122624
218396867
99760324
203749573
170686662
85629128
26745033
51042504
52099274
74856649
201783497
160372937
46987474
76413139
155359450
42801370
16668891
80992478
46987486
19618016
241023200
68090080
242202850
94468325
76749029
176011494
119691496
55212265
184006888
212728043
203634927
69015794
182163699
11598068
168327414
94468342
24615161
55212282
246569211
222017788
200128768
27818244
94468357
189962502
174004486
154351880
94468361
36460810
34896139
204519692
36460812
200644875
158185741
158185747
158185748
238967060
83171606
65100057
162806042
113637657
31103261
54073631
158546208
154343714
24951074
54630693
222705957
223492393
68753707
45447469
184760624
227416371
168884532
236714292
245684534
5830967
81090870
163207481
164903228
169376061
27793726
183105855
23771456
23230785
44341569
198809923
150247747
46381381
245102918
9288000
237140296
198433097
203061578
42801481
176027978
145717577
7199054
245446992
62011729
161864017
14965075
150845781
23230806
176699735
244906327
29022553
158103897
73750875
64289116
7199062
176027989
176093531
212433253
57448807
31897963
242268524
229357933
6470006
168122743
216922489
195598714
161290618
235649406
92199295
210352513
69343618
246839683
110041477
71448967
119216519
44513674
197007755
80165258
175888782
238631311
190536079
230562194
198302099
225630611
7199124
239851931
3430811
96319900
245750173
21584287
223058335
224647583
182851998
20380063
9132452
38959525
6691238
57227689
114211245
238713262
26139055
239049135
47258033
170719666
209361331
245750194
71293364
195598777
21289401
208222651
66443708
19847612
232085950
178739642
240097724
100317636
3365316
167565767
242178504
72858055
3004874
240835019
178747850
62462413
70359502
155933135
66861518
22469072
227178962
239483346
94829011
238213591
236100057
35330522
10697177
236124636
106183129
115825115
170383835
7199202
229308899
39459303
3217896
194165223
92084713
23706091
216496618
187202029
57670124
237869552
180419057
62790130
91691504
216922613
79698427
178862588
218552829
196311550
11491837
97171969
57899523
16685572
56121861
28367365
175979013
97417734
36198921
203717130
74324491
71227908
194714125
7657997
44464654
54516235
112646675
43137556
70924820
49363478
239278614
7584276
108272151
5544471
244267542
5552670
118561311
190134818
178870820
19438117
226933285
85965349
159373861
217266729
8493613
9878061
112925233
150329905
68024883
205634100
14367284
95738421
113236534
84113982
151591487
95623744
46971457
164510273
173824580
210754120
31644238
10754641
158104146
188463700
169777749
33430102
181983832
198392410
47733339
188463708
153647709
57571930
78355040
97065569
56932963
223926884
219929188
62036585
70703722
200440427
153868909
178772591
235453040
78387825
217266808
21609081
34355833
22772347
8854138
154098296
242178687
11541120
36985472
110525057
237976194
4594308
107993730
221452936
216742537
39516810
88300171
7715471
84957841
67771027
230423187
57055891
99539604
33467861
113449627
74275484
190732955
162380446
200497823
16497314
163707555
69515942
14367399
165657256
232356521
3070634
193673901
158522030
28301998
243505841
193739445
41384630
112351928
15260345
170826425
180509371
223877820
115636923
94476991
210909892
176274117
219331269
238312134
213039816
7707338
213179086
71686862
103602896
236059345
16513746
100317907
169614034
7715538
92183246
98777815
19888850
40884952
235543262
115071710
69335777
104757988
152607461
164256486
227384039
204495595
172595948
246553324
217397995
150813421
215931628
151001841
200661746
175626989
11574005
27974392
173038329
204200697
99965691
114203388
209394429
60775163
88169215
55745280
211999488
15088386
27441923
208542467
24247045
223001349
184761093
173038344
205609736
184744712
7715591
177347340
227302156
179976974
168180488
226499344
15751953
17726225
11131667
47905555
211811089
115006230
153459479
70662935
159382290
236952346
174701339
245463836
246528795
88513310
226409245
91274016
190184224
158554914
7764771
64330532
19970853
194673445
247405351
242735904
100334381
161782574
179198767
111008560
75529009
66485039
93748019
101489461
62585654
105757494
41966392
73849655
68852539
214825787
24042304
153828161
247405377
187734851
88120133
7969606
7715655
242105158
150412103
62798669
111844175
190585679
247831379
172989269
105569113
195894106
225377116
93821789
247995230
183098208
182975329
12196706
180673381
158407529
183098217
107633514
116136810
66476906
83295082
238230383
85285744
53820273
7715697
203021173
171449207
161241976
162503545
55466874
168262522
10009468
189905788
11729794
107903875
21650312
158186377
51301842
187677579
220183435
67992462
193526677
54877079
106036121
51157913
115235738
32988061
46447518
238623648
245103524
208862120
9878444
241253293
220904371
8657844
236067765
65764277
162814901
109345715
162397111
75430842
107019198
241253311
158186433
5782467
54139844
43424711
156335049
168696777
108698572
7379920
179502033
25279443
236674003
78453716
39697365
225319895
189987800
154450904
8698842
21609435
207240156
68975581
22928349
168680415
91479008
112647130
170892258
96959461
226327526
55434216
214096873
113769449
104979435
3365868
166509549
166509550
245685229
22469615
245685234
85834738
216767476
109362165
166509558
9419764
239819768
235084794
50232316
43424519
210451457
59005954
11975683
41393158
88890375
245685257
31505418
64216074
119118860
81394701
50068493
116235277
158358544
21363729
245685266
116374545
26115095
112647192
204536859
72637468
108182558
64797727
195255328
14162977
210787362
191618082
210500642
13941792
28793890
34348076
14253101
157924398
25017390
51420212
28998709
37223478
202660923
198409276
242105403
233290813
78937154
61701188
242179140
18250822
234380364
81534028
200621135
206699602
233487442
211311700
21970004
239696984
202660953
169122906
247864411
233774168
29105245
41245790
233135198
41622625
31054948
192805990
213351529
176340074
64216172
232307821
182516847
175774831
65772655
95026290
11762804
96918649
76807290
105815163
64560252
38378621
55032955
36740226
83090562
50584708
105815170
46193798
171768966
241056904
105815172
158653578
211344523
203865224
48020623
179190928
232922257
6462609
150166675
147381397
17284247
114392216
19020955
27384989
65772701
62733473
19971238
45235366
239303850
240843947
182312108
206888109
219626678
233438391
150092984
182312119
64904376
55483579
203750588
240843965
104545470
8174783
223689916
240843969
200694973
15310019
85818563
150314181
27557062
170081482
61463755
21421258
81190090
245513422
168787148
213851348
101817559
200457434
183803098
218217692
44473564
68820190
66518238
68787424
146595040
67575009
165428451
50822364
200277221
74521830
224525543
69885159
246586598
54164715
63470828
16506092
97795308
217226475
17726704
244235012
193903852
213826802
72367349
95943927
244595962
57261311
24165639
7404808
163355914
63667470
33766671
200457488
158104848
41737489
46841107
112647443
108461327
57138450
70343959
100285720
31243550
238337312
146734369
39484710
151149863
69844264
11967783
228695338
107863339
85081389
102800686
92347695
57859375
150658350
119151922
105397555
235453748
39484722
57859380
186834223
166976824
82427193
163446071
61775163
226409787
21077309
39484734
167329087
115875137
39484738
172686659
39484742
181534023
39484746
57859402
39501132
197205325
41499982
39484750
110959949
185998671
5659989
21200215
25107800
158186842
114785628
107511133
34045281
197868899
10485094
241311080
174718313
42794347
150396268
158186861
40844653
102948207
223133042
92880244
50077046
185326967
151321974
158186873
3628410
58383739
68468091
158186875
240098684
239074681
204496257
162577794
158186881
175709574
183074189
60415373
237714830
210689424
247405976
66239897
73891226
227614107
213179803
176283037
24206753
33889698
190537124
72752548
180600234
61332906
227335597
68345262
226893230
40836528
162528685
41328050
85302708
25050549
8347061
157457847
154738104
52059576
213179834
73776570
26107321
236166591
157457856
159964609
157457857
55156165
11320776
21339593
195976649
170720716
46210509
97951181
157457871
104373712
240098770
224329172
153664984
210509275
3341791
58809824
214154719
108289504
69844451
235503076
113573349
12140006
10624487
113311208
226696679
228228586
191700458
209075685
28949999
61595122
57368051
1703412
32275955
63864310
102907383
39534072
237592057
235527673
182894070
21339644
93806078
41074175
155835907
51478022
6356487
113311239
240844296
215858696
236035595
48913932
240098823
157318671
167681553
3341843
3341844
222453269
171613717
6290963
3341848
240885272
222453274
63290905
211123740
198106649
235945502
244473376
90447395
47750692
72277541
175300134
216645159
239320614
188153379
83320362
118742575
183565876
145579572
66240055
201915960
52649530
7536187
201694778
6405695
12156481
147234371
34356804
35585605
180543046
164765256
192200266
43720267
187588173
102637135
176660047
40984147
42876499
83025493
56122966
168713812
212246102
166215257
29392478
6069855
62242400
45309541
156245606
176954981
151182953
40894058
4341355
210247277
173882992
31948400
76275314
58900084
230342261
8707700
230342263
231947895
68345466
24911482
238296698
230882946
221339269
233553541
220896904
230342280
220814987
150625931
51871371
231530128
238853777
5340818
205094546
118521492
112959125
158097044
31383190
50896536
169148058
221339294
229908129
57818786
236928675
41426596
105553574
106659496
192020137
207937193
10051243
188767918
62463662
222412465
25419442
62906034
47734452
4751030
83320502
47734456
210017977
38510267
151363259
47734461
30121662
83320511
210951872
7093953
89775812
5340869
212688582
240762567
43073226
238444236
50069199
238984913
232791762
79494866
57089747
65593045
96935638
70500056
69074649
50863834
188767965
7413470
183582431
237698784
169197279
227622626
179429093
246447847
105094887
19349225
158097131
67288812
244031213
179617517
194043632
109739761
165363440
5807862
67288823
2973433
109690618
195493629
67288830
54951679
176226048
167894784
24936194
197041920
19349246
67288837
115760904
240770827
156983055
187596559
233029394
47226643
63504148
40329424
221503256
29712153
36740890
160980763
165895962
155123483
236437280
27860770
27860771
99196707
245030692
170753832
8314669
220167982
237182767
218685232
247308082
205143867
33275707
17768251
203906882
45498181
162512710
203759432
171032393
209329994
245210953
105758540
178143048
51060560
3080019
81534808
5177176
220774234
179142493
151068510
19472223
71032676
114302821
114425702
245202790
105758567
210583401
57753450
26869610
107192172
107192173
77447021
43482987
40451953
247103346
201138034
230317940
225566581
160857973
23732087
40312702
105045888
105045889
62652290
5177217
247103364
37617540
209026950
107962245
150372232
48430985
247103370
24919946
179298181
102891407
247103375
247103376
247103378
172457875
24682388
2277268
109272983
22626202
158367644
44605340
156245918
244932511
247103389
183156637
45408157
181477283
237903777
6201252
33234854
247103399
247103402
91930539
211050410
242327469
104390574
239730605
201138095
21675953
7987122
69009331
102047673
210460602
220250043
104939451
170631101
180895678
179314623
154771392
10624961
33152962
79994815
225550276
167788485
180756422
224698311
62799812
19308482
160972746
223281095
184516554
150994892
93691855
201138129
205643730
93609938
6201298
71524310
104579036
160972765
2531295
246898656
101040097
237109218
4808676
76849126
94814184
117809130
38633455
211271663
27377654
225771510
63905784
31547386
65028092
