9183233
37928965
218800134
104620037
115630088
166838281
164716554
216694794
111583240
23494669
90972174
165085190
50266126
247963665
61906964
104620056
79192089
79200282
92954651
113655833
192495645
192495646
37994525
192495648
210690081
44900386
165642273
31555622
189874215
214540326
7012391
95141926
245710887
172884012
37929005
110354480
165085232
150044723
48070711
160899128
174137402
61907003
221814844
189120570
111583291
169607233
67125315
81412163
203776067
9281604
221814855
86507592
233365575
165036099
81412171
207405131
49905741
191193164
56090702
201130064
211951699
175906901
211951705
203022426
248119386
9011292
46399577
23519328
109600866
2711651
113303652
115744867
200908902
113016934
245653608
204521577
16670818
183984230
167428205
83353710
241909873
78389364
192774260
109494388
35618932
83460220
241909885
220012670
63611007
98885759
92274817
197763201
81412226
64864384
184172680
109879434
44925067
78733453
21536910
104898703
152240269
199950483
26149013
184172696
150888600
184172698
99942555
65355931
108355740
89063579
189948063
246931609
159539361
226336930
92266656
236167332
184713383
165888169
165830827
7872684
41173165
39403694
39493807
19062958
53239979
114647215
10272948
245448886
66961591
92872888
21110969
67387578
3162299
119111869
41509055
71327936
242925761
234512583
43565256
49889481
190898378
81412298
8028362
65183946
189997256
55599311
119578831
234512593
193650895
9183223
158187725
58597589
179716301
42877143
62267608
31334617
63217882
103366875
97755355
7233757
218603736
189997279
19521760
59048160
86057186
108339424
4694242
65954021
95355109
8544488
191676651
58597612
179331309
62972142
44892398
220774640
187080944
4694257
167420148
235266293
164454649
158187769
158187771
249209084
223297789
244564222
192667903
38658304
116351229
109535489
113049862
219685128
247628046
246333713
100614419
97755412
116351252
4768022
172654871
247628055
171589913
101359898
187924758
99369242
2072784
41648415
31981858
4768034
167420194
232808741
106651938
6627623
227852584
85885223
157466922
92717351
157466925
62169390
36503853
223150382
39682350
204497202
14467379
41238836
24396085
156631347
244121911
59048248
145719609
62906682
64151869
189620541
43098431
233849154
91676997
160006472
242606408
65708362
233185608
51896649
187457874
46293331
192389459
113049941
194117977
167125338
41034076
235659621
198664550
48234855
150659431
205865322
94658924
145719662
51618159
188563826
169009523
30122355
60965238
31252856
151765369
181256573
208036223
74940800
233341314
156361091
53617026
209650053
170606983
53322127
66281873
46277010
100991379
100991382
56312216
204030362
116285853
99033501
67879331
179700133
188391847
22962600
244056489
105488810
9183657
249127350
204489143
107635127
174760374
223076791
110895544
6578619
51216822
173490616
241254847
24478143
14033343
102908354
21971393
240615879
23323082
194085323
42320332
201785802
52339151
78332370
13926866
223150546
8208851
102638038
187589076
164504030
229704160
209240545
65995232
162865636
59285990
241934825
39633385
45548009
108618222
92332527
190505455
161874416
242106862
61243889
78881268
209650167
236700153
225903098
147284475
91357694
247226879
176062974
227361281
236937732
155877895
202064392
212763144
100286988
39641613
47047180
160981519
236020240
42320399
84648466
85459475
238526996
174580236
197902871
170230299
34144799
1065507
244785703
92283437
169542190
48751149
14459440
10052145
17629744
191324722
61776436
5177909
185451062
5177910
211624504
157278768
247202362
172196411
85631548
9183805
21881403
236495425
43106886
82952776
23298632
230908490
53273163
227353165
103744079
32023120
201032273
222429778
232022611
247333456
174613077
85631573
5177946
8831581
109511263
164487777
22397539
158188134
26354279
22995559
97682026
61743723
44556913
7103091
224436852
11928181
239174262
9183863
159179384
101220985
113820282
164307578
9216634
236946041
81887872
237224576
172155522
78594691
17638020
77824645
179331718
80413318
15311496
162235014
247308935
236946054
198296204
36864652
108085902
45507213
235659920
212935313
238011020
103187091
179610260
218071701
164659866
199287450
36864668
156304030
8348322
90292902
188768935
191660710
75399851
31703725
36864687
119120560
21709489
101016242
155345589
246710967
194298554
72934077
108085949
88179390
36864702
201401025
203596482
221274819
224527043
150692541
155976388
200409799
53658311
114672328
232301262
161325774
23503566
113926865
242361044
203932373
185680598
154362582
167002838
31998682
235684570
119415514
200819424
108085984
50832097
184148708
11150053
171606756
233374439
189989607
1786597
156787434
152437479
50733799
165577444
180822762
67011311
239592178
36872952
213795578
186163963
48456443
189022973
14017277
107471611
231121667
113025803
4539147
11887373
67732245
181035797
112739095
104710936
158925593
181265173
161997589
9085724
95986461
38568733
113492767
102892320
36864800
179487520
223150876
107291420
217981725
235307814
186811175
73851687
235858929
71123754
102892331
227640108
21857067
102892334
4522799
11961130
11961135
102892338
2917173
113279798
108593977
113328953
90186555
85492540
102892347
102892348
102892351
91538236
101024575
220046139
56984387
9044805
200016712
58721098
237560650
86639434
151716685
196354896
204555089
245072722
45949776
179422039
9134938
241992538
102892382
19645280
162931553
102876002
83370852
232858468
80421734
227189607
154362728
55722857
154731370
118293350
118293352
116286310
102892398
44565358
86508399
102892401
45622128
9134959
17417076
241959794
58975094
15836023
204759927
38757237
31428147
118801276
184738685
150496127
19448703
68854655
206742402
229393282
227099524
104571780
9233282
191701893
164553600
21980036
236929933
84935568
79176593
220922769
154657683
65708949
80118678
92070809
228098971
19841947
92382109
99156894
19522463
65455007
201950113
180593569
3752868
77554104
224641959
34620328
232825768
77824938
62227368
53191598
216875950
242574259
198845364
157057977
202294202
211174334
174351296
150578113
173802433
40559555
86279106
242041797
164201414
211174341
211174343
211174344
116491210
211174347
176604102
18801606
226288590
202310604
155091922
233006035
221897685
53167063
46891994
92881884
231916508
12821476
232104932
114099174
102695911
26649576
22873066
155550698
116679660
193676269
19448814
197420015
101581805
246809581
179225581
21857270
247972854
24740858
235979770
223339516
160941054
171066370
203596802
34661380
89457666
211428358
231916551
247628810
8160266
37012492
247972875
239281167
201196559
223880209
236512274
15008787
117433366
117433367
195765272
20898841
224928794
18998298
245949475
155894820
189195301
37168167
236921896
196404265
196404269
111010863
60736560
29058097
63816753
65406003
173614132
170828851
236577846
17400887
113558585
195527743
54715457
104334402
230966338
236643396
156001346
15713345
210904137
8193103
28550224
193692755
97936469
45024342
218629207
156001368
175973464
44409943
209093721
60744794
158270552
178037854
186221663
113296480
31335520
186221666
158065762
41198691
221168737
29303906
205595753
231040105
25470062
91628655
44647536
221752883
190850166
25060471
7971960
70935672
97256572
46105725
245122174
189498496
190841987
86393991
23364747
243541132
189285517
149922960
64873617
21529747
40977556
179111060
232170643
220619927
19031197
195814558
145564831
175973535
231040158
75850912
18703523
244917412
195814565
54887590
246301863
180954280
246301867
1819821
156902574
245712047
54887598
246301873
116532402
235947187
195798194
3777717
28533942
237233331
6571187
187057337
43656378
188949691
177947835
45573313
40355009
175400132
237044933
36586692
155772103
16581832
76924103
218080457
92292301
65438932
61007062
178734294
225854680
81429724
21759197
92873950
230900958
24544478
2958561
208119012
49390821
202728678
7234789
170829030
43549931
62407917
117646573
79783153
11928819
217982195
105899253
233546998
71394551
233579768
228123897
57066743
26666232
151766269
59065597
29394176
8103168
11224323
174998789
8878959
184927496
11748617
19555594
99730700
82519309
245187853
247424269
156296464
170534164
156665110
175973656
57328926
91120930
169133347
231892262
64177447
8152360
146572584
44631338
208373034
193053996
100394282
63268136
223200554
223200558
59065651
64177460
40445237
11986229
171955331
50890047
81167214
193520965
177505605
81167215
119907656
79783241
23700811
84862286
236168531
244049235
118375764
23225686
145401175
160605528
44549465
225928538
220071260
69076320
107431269
28378470
82716007
92071272
207234410
59024746
241665387
150087021
191792493
65504621
238544241
115901810
14026098
36734324
169362805
24380788
208045431
236447094
186533241
18965889
231236995
14714246
102860167
195732872
228902278
191792521
97854866
22554003
159630742
16590230
145573272
106202526
22554015
64562591
62014881
32236959
91506083
234735006
159827365
235857311
15254955
202040751
197920176
9749935
238716338
116188594
11429300
178865591
39249335
179365311
68511168
188458435
241935812
82716100
5375430
20882884
15345096
23832011
240895436
106365631
241935829
5375446
5375447
42436054
39110105
211789276
32703974
245384679
38323687
67282410
45059761
179422702
42157554
179373555
169076212
194086389
240305659
64742907
113616382
108299775
216139265
241387010
183608835
9225730
205235717
58287622
24069637
155633160
4711942
119399946
197445132
216819213
29206032
81421841
227411477
183439237
6219287
232203797
180487707
205235739
52545053
194102814
47007262
2065949
194971169
171173411
2065958
233416232
180577837
169084461
17557039
199566896
150849071
82716210
211355188
68298292
156665398
189294135
82716215
47089209
236611130
226027067
29017659
99657277
8349244
82536000
22554181
194160199
236611144
200500809
112969288
219022923
42903111
7882318
216827472
54896209
2950742
167978583
110011992
92325465
69813849
218875482
22890075
224413277
178579038
71329375
167036512
32450140
156763746
227001946
91940455
14722664
20694631
26609259
117597805
114435695
37308016
168519279
82536047
228353651
179234418
104564341
61335153
61335162
43550331
65537660
239314555
102024829
166880895
12068480
170608256
22890110
63661699
187991684
92505733
154027652
237733517
73213582
165799567
201131663
56510094
178742930
36841107
19646099
42821268
164841110
164841111
164841112
164841113
164841114
152168091
164841115
164841116
11232919
54871709
172344983
205489827
28567205
200492711
99133097
1509034
245655211
236766892
220251821
105555630
246826667
35055281
27829938
112953013
158729909
199681722
245450429
201369279
224356031
44295873
25405122
97388226
5179077
85984967
5179080
85984969
14452426
5179084
112993998
179619535
2000592
106743508
179422935
56510168
11011802
95215609
219580125
22603488
177776353
8505058
177776354
6981345
109274850
67913440
174687975
107792104
107841255
5179108
170829547
85985004
240609002
28026606
198878960
9529073
189974258
16008945
80037616
101746421
225314548
165938936
156010232
180176634
205072124
181495548
245401342
191727360
202327809
85985026
17360642
36873986
12101383
170829579
35407629
150726416
47073043
55011093
52512534
187492119
85985049
180553499
11921181
157959966
173844254
244721440
23037727
247973663
153593635
249177895
117507880
11724583
117720872
179595047
106211113
92587822
249177903
229058355
227878709
155346742
92407607
156231484
36300607
184756031
55052097
180578111
245122880
178677573
211281734
114231115
190818126
246974287
61499216
96700240
179595089
31532883
25511763
2516821
165939031
186877785
220530521
43411290
94275417
57059164
159967070
93030239
147244893
79316833
63563618
41133921
186566494
155527013
247965542
8865639
8308586
100222828
191661934
35694447
193202032
62965621
199944058
188974970
210577275
43951995
247023490
63006595
52324228
24389509
94603143
38315912
62949257
54855562
6162311
94275467
189654929
203548562
50816914
233424788
92399508
48449428
200501143
247269271
150333332
181872538
100091797
14854045
32704414
14395294
39561117
191661981
38356899
81471396
66856867
169207715
206964646
43411367
220940202
4155310
69248943
116680624
11986864
77121459
86386612
43386807
80955320
218613687
57124795
8849341
213026751
41371586
19056581
45672390
202033097
106137545
8849354
8849356
8849358
184182735
8849360
18139091
112125912
43411418
92055520
1837025
36849634
16517091
26560481
180733924
99641318
43411425
154675176
244213736
191612906
156672962
200255466
170444782
227756014
174565359
153888753
108881906
104941555
88950775
80955388
103606271
28846082
246835206
17655818
115902477
222988301
210675727
80955408
219015187
218048532
64178197
115189782
189016087
105113625
182306841
77096987
163260443
220940320
19335201
31557668
209381413
23709734
198952998
1509412
241362985
186353705
235268139
195422251
150538285
215951397
33024039
44124211
180521012
8038452
175859765
55953462
19335223
243042361
60844091
76212283
4843581
7047228
229206079
91007040
95430721
102697021
193169475
81987652
175966276
244598855
145401928
109856842
83413067
23709772
175654989
63670348
86263883
87451722
62851147
224331855
4597846
2033753
115902555
115902556
219949147
4597855
102697057
164685922
220506211
247973988
153233510
172787816
31090793
216934504
44673131
14190700
53831788
4597866
147146863
23218288
210307185
35891314
23218291
23218293
175892612
216967301
20179080
222521481
111585418
20162701
21006478
18442384
169592981
224528534
21956759
187451548
98863261
32581790
179751068
40667297
237160611
40495268
66824357
158099620
23300265
110708906
22767791
152398000
34154673
244705456
154618034
104532148
236652725
218417333
219613366
86231226
60270778
106203325
154421438
165161151
245713089
18196674
14764233
182757578
187304139
145565897
115189966
183085264
19835091
107438784
219891928
91711706
45951195
226666721
2484449
194922727
209340648
183568617
178989289
183568619
6703337
241641709
80038134
181307639
83216637
97069313
196299009
64112901
67733769
226666762
220612877
67725583
154421521
86206738
26274068
227330325
76482839
209340696
178579737
154421530
170305817
188770589
5384477
216148253
27445533
66627873
64112930
97265951
205457700
231205157
247212326
113658151
119540008
107252009
14772523
25757996
183167275
95643947
65095983
246556976
244795695
179792171
49981747
193415479
155420988
46532925
114542914
209340739
101312836
235718979
205456238
217532740
196299080
199977288
15722820
18901323
97200459
17819979
203475278
12421455
203475280
238905680
157682001
179349843
31549781
81414485
25373015
22350165
151898453
203147610
105449819
231950683
232302942
27666785
216697188
163334500
167962983
57821545
242002282
9496942
26757487
240683382
8448377
183265657
110709119
152758656
113461633
75794818
3803523
199543171
199543172
218417540
193194375
167184776
106146187
103147916
76990862
48818575
62122383
174147986
204728722
11725206
62122390
42256792
209889689
152242585
241912217
117737884
20859292
6752669
36571551
42420635
178735521
232507815
183560616
21694889
119572906
106203560
95701423
96987569
43616691
81365427
158886326
52562360
244017592
102181306
168209019
99051964
180881854
73787839
12020159
82438595
232417732
216123846
46819782
207997384
236595657
179513808
93047248
244017620
202320340
52431318
236595670
169724374
245279193
5695961
221268444
93301217
73787876
225872358
2763241
50522601
91433451
220072430
175876592
202844657
151955954
108128761
241822203
94669307
27585020
105671167
183085568
105433601
46180866
83446273
231967235
236800514
41413121
156232198
40716808
21948936
216033811
3213844
214444566
186952215
231967259
191130139
28568093
242158110
168864289
28568097
154798627
112126498
89106979
14772774
188942887
28568104
193874472
53439017
183085611
91302446
201493040
151661107
33311284
29043253
163834421
19851831
85609016
188942905
246745658
179784249
40528445
182209086
164710976
175827521
205793857
16697923
1542721
88656453
62999110
83429959
119097926
82291272
12208714
95201868
23521872
86960721
222702162
65833556
93391445
226232918
68250200
247540313
229296728
194944482
210676316
16697944
29747807
215198304
80874082
160115298
190016102
220015207
220015208
220015209
236841577
59116136
229329516
94251622
106416751
242715249
97643122
31591031
165440119
232761976
24873594
151349882
163105404
185780861
65882748
67857023
115182204
157682305
1477244
95627907
29158020
173984387
111872646
64137863
232516232
66570894
46303887
1510035
31492756
95627924
14076565
234023576
66570904
47737499
81054363
67807901
183585438
66570908
85723813
237382310
113306283
116542123
237644461
62704300
67857071
168209068
4090545
102664890
183790268
183585470
11315903
7809728
183585473
20179655
170388167
22358729
247827147
209111755
179047117
161327822
88910543
35031759
190851794
154274515
61475540
97741522
19155667
35031764
199920347
227355355
16607969
91581154
193096419
179694306
115803073
55118566
61147882
146975470
71887599
3656435
210971382
100633334
107268857
230845182
233024255
47721222
237595399
153799431
72600327
204491530
7990027
28560136
220072715
7973647
118008592
180923152
23726866
52366098
68569876
217156373
164719382
196348695
244517656
6564632
242584343
219548439
101632791
116034334
52079391
107268897
61524777
164571946
115334159
211790637
35547951
155978544
7965489
6974257
96480051
221309747
81070896
82234164
39832368
227552057
170421052
155102013
187755329
195840833
88943425
15682374
179104583
237595465
115575626
101305164
189098833
151841622
151841624
73894747
67259230
204041055
188500831
36268897
14199650
72739678
4852580
201993063
203115367
26512233
176524136
4705128
237595503
58002287
54897519
185445233
191892339
208825204
18598773
166865782
73706358
199945084
53070717
18598781
22940540
164883331
170806151
215772040
242076552
174680970
92670857
69659533
28273549
154004367
152243092
75729813
218426260
59124630
155872152
65473428
81357722
186101782
92998556
200895391
7973793
245025697
7973796
189107108
220302246
8006568
29092777
2075560
28593067
2149292
155970478
97061807
206924720
157273008
154610613
110922680
242133944
21523391
72068032
53226432
29248450
245976003
175598536
81316810
34270154
248785871
54897617
46418900
115133399
36613080
194407387
242133983
200895458
21351394
65973220
237628390
25791466
163867628
160279532
228355056
42560497
88681458
102894577
92457969
76991476
234359798
5270519
54692854
237726711
42560506
171977723
101223420
76680186
195685374
247147516
182143996
229469178
103099394
56192003
23702531
168209412
192867327
242797575
186625025
246688778
27593740
96349200
44821521
24439825
201051157
9047063
75910168
229059608
48319515
235654172
24439836
38439969
4566053
18992166
227773479
161344549
219573287
210889773
226315310
207375407
54209586
63728692
116468789
184290359
180792376
244509754
215485500
43576380
92015676
102624319
189227885
153676865
175746114
65768513
229641284
61975621
85666886
237210689
49056837
88476738
80890954
175746123
62123082
216616012
199806030
226004047
90344526
244247629
190311505
75156563
7416918
20843609
45927517
24439905
57085030
114494567
220965994
188959851
33418349
1748083
190852215
94940280
204475513
155888762
96889978
21482620
85044354
8629380
215239813
14453893
164473991
227527813
88157326
9522318
10849425
183004309
157994135
14453912
238488729
95743131
221924508
204213404
91093239
159616159
231967904
1469598
27839650
1469599
35187876
26635426
1469606
201788582
120204459
17771696
114896051
152530099
73264309
26717363
180718775
9579706
204213434
184429754
23555258
235998400
227822786
165768387
113831108
170831044
246254794
74951885
17591504
225643731
57519315
116747477
240315606
113650903
16182484
233557209
76942553
47008987
83168477
113831135
71036127
193309919
110046431
159870180
86265062
223186156
85634286
45993198
45755632
194833651
234835189
36760824
153251065
158289146
45575416
29494524
218295549
158289148
97348863
57519361
85789955
224431365
161246471
19819784
67693834
205499660
170921229
42708237
77466893
165047571
18074900
169930005
68971796
19385621
211709209
11119899
3247389
176393503
56659234
86199589
34991399
235121962
165661995
34991405
2477358
245648687
226389295
113069361
198102327
105237816
204623161
46599482
247418167
211788601
19197245
81390910
163048763
239463747
119262532
34557251
40488263
169667911
217288009
75937768
97144139
112962891
200895823
234261839
77466967
103492952
53177689
150613340
222506334
179858787
58961252
190958950
155299176
92990824
159845737
231968107
205532524
58592619
42904942
159968623
183946604
112209265
5991793
37162352
79514998
242068854
69684599
110800259
66243971
24513924
203902342
155250055
242126215
176287113
231968138
113618314
231968140
106466704
54242704
43756945
77901202
222137745
67489169
114904470
20286870
73917157
197275033
234204569
29453723
40799644
80874909
197365149
55684511
38399391
155946399
182521252
69971365
233737637
192212392
103091626
55520682
100748716
92958127
117673392
219917743
32648626
183373234
234778034
167685551
34368950
4681137
81292728
201362873
32001466
168332730
26357178
198282685
4582845
207031737
1682881
226364865
170356165
63016390
62680518
14773704
92589511
38309322
236588491
245124556
67964363
246656462
113577419
18558416
168332753
43060689
180727250
186428884
205106646
182693336
76738009
194104794
89419228
45632989
230714846
203779551
242732514
245124580
217689573
67964388
60878312
77467115
38587885
159190510
203165167
19189231
190860785
25308658
95989235
38112756
4582896
92327414
113577462
226344958
73838066
26988026
8220154
204525054
23416322
202010117
181874184
4582924
104893965
165269007
38293008
151711247
67964433
246410769
11038229
163196437
197643797
75181592
66244121
166997528
14085657
209251869
109694494
163196446
246869535
8220194
48172578
235318820
182382119
14593578
39489067
193539629
174861869
163990518
157199917
21630513
206974514
26635825
221326900
15912500
85462582
4984372
165211704
116518456
16682553
157986363
246689339
219040761
217411134
33091135
94432833
4304449
204033603
85126721
174837317
117796418
218902087
151318087
182873669
11120202
93253195
4582988
111554124
26840654
2330190
109530701
206671441
193490514
187682383
4582996
209284694
172756567
195030615
7458393
80301658
238964315
45518429
85126750
14462560
20000353
224382563
178982500
97087077
90492517
7163493
206671464
5770860
10653293
192310895
189615728
33123962
85077627
79302268
200289917
240258686
234745468
67972736
111046269
189615747
188960388
244117125
195792518
21941892
29863557
23826058
222391947
235736714
82185869
21704334
40562320
22007443
200240788
247467672
155963035
234204830
221556383
158928546
243691172
68873894
116027047
105696936
33091241
85012140
164417198
9252526
174403246
75370160
154709682
204033715
70348467
86576821
70348468
221556406
46509752
231624369
212905658
9252541
86576830
158928575
242118337
55004865
230854340
68873926
183742150
39112390
31264455
152907466
58666694
153251532
219631304
200593102
104894159
34352847
79474385
13881042
44281555
115609300
26709720
223137498
71388892
57945823
180399840
245173983
1830627
95153891
155619045
46092005
86576871
87338727
118984421
73133803
44994286
62615280
42913521
68873970
151514866
41193204
209997557
156004087
204197625
27635450
37170940
86576893
16011005
27373311
180956928
243552000
9039618
23506685
52932352
52932354
31559430
19861254
183176970
26709770
104869644
235925262
9006864
205803284
61427477
227847958
242601748
227847960
50819256
174788383
57995039
177524514
193146659
86798116
67407653
7163682
163532580
15683367
86798122
194203435
223358764
99888941
118427435
18829104
194932529
246542130
31305522
150507316
37924660
151408434
116895543
183160633
68374329
39489344
85462852
91221828
35237702
58380106
69988175
173707088
236490580
1740628
194735958
179187544
35172185
225627993
112742235
70856539
61026141
242634586
205246308
42102630
167710567
81882985
247500650
81882986
153997164
223203177
198635369
233148271
52473719
36654968
205582201
193064828
103411581
163876732
117665663
150851453
213053316
103600005
103600006
26963847
26120072
154693513
103600010
82423691
203222922
101765005
91582345
11464590
183095185
58019733
83521431
11906968
70930331
155605239
2985885
211152799
151498657
163434402
103747494
174124967
189288360
164720551
216125355
115912621
68317106
176017331
195030962
78688183
37973943
6557623
21278647
147140535
167112633
212504509
63336377
3575741
208596922
103411651
216125382
239267782
59150280
204959691
239267789
150646738
39391188
239267796
163876820
239267800
11792348
2953181
245428190
111407070
76287973
39399398
11628522
214437869
179277805
242175983
169881586
111407095
91672568
16715770
16715772
61575165
208990208
89092099
204066821
179400710
199880709
27381771
189616143
236744720
164122641
54890518
248066071
183562264
241397785
63492122
11628571
200863772
9711642
54226974
82710555
181940256
19288088
189034530
235393055
54890532
227627045
172625957
95313775
8687656
182292522
180105259
85782571
204365680
192852012
167268400
37924914
60870711
2134072
95653945
202051642
179007546
24203324
9711674
90148921
86495294
153817155
238825539
244609092
227463235
14987335
57888841
216322123
216322124
179310671
197578832
224456786
237178963
216322131
16601172
6115413
153997398
36646995
38252636
83054685
2445406
233869407
46780511
226357342
153997410
56070242
64344165
175517801
12005482
44544108
38334577
46289009
78803057
44585076
116559989
11325557
40783986
237179003
64794749
222974079
158888064
178114689
226357381
50901126
165884041
189550729
176091275
29233292
179359885
154693777
101863570
97661075
26710163
97226902
166383767
234827928
61829274
205598875
68219036
166383771
231149724
35188895
200495264
15913121
167276706
38391971
22753444
166383781
166383782
154415264
76279976
37507237
37793962
166383786
166383787
231026858
201060526
28995759
226357417
157135025
22753459
186937525
97145014
241848502
236056760
166383799
95621306
57692347
199921851
1814717
157438142
203755702
16142522
21409980
217125059
166383812
220459203
97751239
226136266
83054799
166105297
80040146
155635921
86216916
16675029
237719767
98808023
81891545
54931672
181285082
246665437
230174942
18452705
38981858
117764321
91418855
243519721
92500202
69841134
166683741
227569909
150941944
28274938
174641403
40980731
211269389
231197218
119525629
11170050
179106051
45977860
100823301
81957127
153219336
106475785
174641419
241881362
166990102
40841498
54202654
47771936
182292768
206696738
29774113
85930272
167760165
182997286
97022248
15487272
247222570
71725353
77164844
165892396
234287403
81801519
113324341
229265720
240021821
232067391
245199168
71487812
6820165
225603915
237318479
248516947
15847764
7917912
153784666
110965083
207835486
30151008
63123810
38547811
39350628
11096422
244068710
156348777
31535466
34296171
231199081
212767085
236630382
54743408
180679024
62919027
78238069
62443895
245035384
95924600
194236794
233402749
188313982
193057150
197366143
23449985
54366599
189313427
99332499
56062359
33411481
249172381
165302685
38474142
59044256
162959779
21033381
200356262
67826085
38474152
227381674
80957869
92475824
67670452
28389813
21541302
113439157
29381048
28389816
184242612
42701241
62697916
110481846
18035136
40391106
226529736
80253387
155865547
193081806
70873551
166769108
35246549
25432533
178739153
151196120
215257561
163271130
38007263
221360608
10514913
217108962
188944864
155038176
166998501
45748710
82186719
227774952
151269864
151269866
235540971
40579563
36409837
241963501
151269867
237179376
201077233
197997034
236900848
183169524
220664301
229356022
233411063
178721268
168849913
198095354
92779000
200651260
40382974
54997503
85357058
216945158
202682887
153997831
236474892
157635085
176230931
31052309
195760662
21312022
200471065
108900893
19821086
242586148
199537189
229356071
194105896
103264812
37507631
112194095
242324017
90542641
21353012
156668469
115724859
172307006
194506088
241308226
193606210
161272386
239743558
47059527
62059081
236278345
45609548
211210834
191681107
20976212
162894420
33075798
15028822
114086488
74314324
179450461
105435742
7778913
208441957
189313638
231494247
229864040
34009702
186258027
8163948
242078317
27382382
11473517
229356144
161796721
33600115
87872116
33174133
240767606
81416821
33198711
44208759
105689722
180195957
168194678
39522945
95482498
59847300
76018311
26243724
222089869
205574798
45699726
219632268
7860380
154170004
234525333
224342679
8147608
53252763
85283485
241414816
39113377
59585185
54966520
22016678
39400109
242537137
16683703
82293431
45290172
13824701
95539902
164803266
29684419
173388482
39236291
209277638
195891910
75141833
192230089
158520011
240775884
39236298
216339150
96056015
39236299
227390162
239252179
92402388
246887124
166769367
160641754
6607578
153465563
216912606
215831269
164508390
219362023
203625194
37384939
21754602
105665258
82375406
42852551
22663920
196145905
1749744
27308787
39195375
245773041
57070317
61575927
88838904
112915193
157741818
233591548
35295997
161944318
200889087
95539967
158446337
95539968
103486207
199430916
181990149
200618756
19378948
92861192
13865737
176190218
219951880
226243339
231240461
206811920
235262736
26071826
33125139
161862418
101823253
242545430
212906775
200889112
151114519
245043992
217142043
52302616
167670557
35025694
189690655
240784160
65229600
206992162
34370339
39244575
155284261
97243942
220549929
17453869
157774647
243512120
36901691
45331262
180032321
33993540
14955338
119436108
1528654
119501647
236098386
209163092
21754711
39441240
236131160
41169753
57635673
172028764
180515679
103404384
111047520
24556384
17380195
241718116
86463329
29021030
111096684
24204143
87110512
189862769
73069423
172028787
206992239
17929077
155898742
172151672
31732602
1684347
182711167
87790464
237335424
163468162
9147267
85005188
174207878
197940103
115471240
163468167
39400330
242750347
180671370
80548749
227988359
106410893
14480273
73847698
66573203
150860693
14594966
159486871
2503575
235000730
183276442
58020764
172028829
14734238
7410590
15283102
207836062
193557410
52589475
180433828
175346595
95703972
151597991
14996392
80286633
20845473
220418987
92181411
220418989
112300976
176968626
104919987
85259187
18166710
187773879
200692665
176894906
53777339
32314300
73814973
9761726
9294783
26121148
247411641
83571650
35115967
57643973
187773894
190952390
114840520
113218503
174207948
245715918
25293775
82629584
151835600
151835601
195990482
146797528
85267417
11744218
44790747
169087964
160773081
11817950
47174617
200692704
44692450
176894948
179139556
232870888
217191401
161674216
81949677
107312112
197948401
197940213
89322487
116569080
229307385
87118842
53679096
35976186
182326263
49673214
11047937
100955138
23237636
184734725
19928070
42071046
72487943
146797572
179901456
154366992
198013969
12030995
171955221
57086999
147297303
179393561
26539035
227578908
227775517
201192477
108401695
93205532
227431457
217076770
27153443
182711332
247624741
28308516
21754920
204846124
57144366
74298415
45650992
154407984
169849903
99267635
220484661
55170102
231945270
9294903
60945465
150574138
24515637
111047735
230593593
36295744
89928772
97481796
64738379
179049547
95245389
176550990
241366095
180802640
197391443
93181013
234771542
186692696
234517594
72037470
10515551
184882271
63337566
173118562
5559397
103691368
92951657
27579498
95245418
61518956
92804205
5772398
41956463
115913838
163271792
103634025
163468398
175527022
163468401
52352118
244692087
61330552
104371321
97227897
220484733
172700798
7885951
77780096
119272575
111973502
154506370
118346882
84997253
76002430
192164999
78935175
52581513
16438409
247542921
118346889
45692049
230945938
1373335
168318105
189355161
175912094
86832288
150992032
192828578
174773412
31880359
172831912
164451496
196375722
201790633
73815212
163271856
159577266
5177176
11990197
231552182
16782519
118346934
8443072
21689536
198964417
39146690
60339397
159495365
115455173
81417415
58021063
212407498
175969483
177460428
154694861
91100358
163468488
202282189
73659601
43496658
81174519
240645325
17667285
14791894
155440343
245683416
115160278
21624026
72439003
202208472
91665621
199177434
7951584
29037793
15914211
69203171
200479973
183727333
163583208
172602600
202667240
88134891
154809580
114529517
194376940
78034156
29037812
194295032
2438393
106378491
71169276
239088895
91189731
84874499
109573379
236639493
61658375
42390791
29332746
20010251
177739020
20903181
69203212
224408848
11711761
11728148
39859478
214529302
64722200
53220631
207484183
241079574
20903192
20903195
55129375
118207775
220255522
102036770
217617702
173298982
183080232
20903207
68637994
188953900
209949998
4601134
26948915
191337779
158602549
207754550
145388855
235066678
236164406
194811194
21689661
115397950
203248959
34010431
65516867
190477637
104813896
174806345
68285770
86398283
194655565
198047053
235033935
231290192
25507153
207754578
86398286
59061588
205403476
113194321
235066711
58316124
53253470
216757602
31987045
2979174
3798375
16463208
235771237
15873386
119715178
105969004
89568621
107943273
36664684
246076792
45946233
58881403
99399038
157906303
15365503
104715647
41031042
15873410
41031044
107459970
28317063
119952776
200160649
238810506
57259411
104707476
43619733
16668052
1987993
172955034
220771740
15365533
68892062
214644127
15250848
15365537
92272032
19830179
200340903
160503208
38155687
215389609
236811691
92665263
147101104
228988336
156587442
187938227
200160689
108524977
19232182
205469110
6067640
158856625
155858362
66164155
184710588
162321853
83170746
237188545
120165826
17765826
223860162
33142213
8902083
236058055
150640071
68744649
184169929
39450059
219731404
1988044
14022094
4797903
53859792
60110289
151590354
151483854
180245972
33183191
164017624
225965527
16659931
164017631
84768224
227669474
93238754
231011812
92665316
102102500
241628648
26088937
215258602
241628651
163280364
198178283
225965550
105215474
91993587
219444724
41375219
245470710
151483892
113423864
61216249
11081210
236058110
46315007
209688062
175396355
82982404
41383429
54605318
145724937
158471691
69269004
61494797
64714252
214693390
240088590
247559697
11957778
57783827
88651286
85022231
234624535
92403227
211146268
180262429
46069277
29578783
24180256
6755867
171742757
19133990
27153958
53777964
21730861
72209967
17798706
247559731
39556662
3651126
39556664
39556665
58766906
39556666
156055099
174749245
98907710
167122493
174749249
168580676
226358852
237262406
185595464
99202635
76863054
14980693
215545430
43095640
246715992
237565530
63518300
182113885
201078371
245479012
19830373
160896614
188487271
61347432
177755752
72210025
6174312
157740187
45135469
66262638
147289707
47380080
31381106
205362803
2291321
76461689
15128188
217200254
161281663
17307264
79435392
9404136
31381123
100202116
100202117
15521413
173381256
40605324
21689997
14767758
47142543
113006224
156153488
191075986
39343763
104609426
82376341
220042899
21911186
15914648
97023641
155227802
81393306
236000924
65541789
155801245
21665437
33388189
155129499
183342754
108263075
150877859
68228773
225875621
217175719
103356072
24065698
5011116
21690030
162584239
21518000
94598830
21919409
54471747
26572470
213718714
8320699
75437756
196335294
61527745
244496068
186906309
193631942
34977477
193836741
100202185
98358985
233494219
19961548
174610124
100202188
152778443
180598479
54834891
174610130
105412307
25294548
175060690
41940687
31471319
187692752
175060698
21083867
37148380
220665563
236861150
190813918
209499875
45905636
193353448
239752938
25294573
164714222
100202223
87144175
152229618
4380404
22361845
39884534
100202232
7550712
197875450
94582524
90167039
65664769
113399554
199735046
103511815
91698952
154015497
179885835
55711499
26523404
219010827
25294607
62445328
208484111
179468050
166835987
177002259
108427027
44488466
110745367
103511833
25294618
193492763
11089691
247174937
244840220
202012447
237614880
241579807
244299551
244299556
48789288
105699113
217077546
193492778
34879275
75429674
19453743
16668467
96171834
19846977
68515653
179812165
58160971
231241549
55924557
16758609
95065942
95311702
61241174
91436891
8656731
200243037
151500638
7714655
178050912
155744098
244299619
31684450
35583842
190011238
202151782
6936424
242128745
97073004
9213804
40392558
150419309
3045232
14784370
5945202
94984052
21870451
174348150
113039227
100767616
178747267
107444101
205158280
40425357
176928655
220993424
150419345
237328274
27555731
156546964
210597780
7714715
215062428
189994908
238000029
55269279
93214623
66607010
209942435
209426339
230561700
15890342
165877670
244152232
116684713
111114154
36747179
227522472
233846707
96622516
205690804
65181622
46576542
150132665
224311226
240146366
71841727
73717696
228964287
234084292
237098950
82122694
32692168
26580937
243701706
36575182
16586704
246986705
102610896
59611091
178681808
152696789
179386326
194656214
15554517
60159959
210597850
170661854
158513120
52721636
241301477
8476646
24696807
6821864
47257577
197990373
233846763
221583337
170252260
72407022
240203758
60823536
200890353
91183081
63715316
44308469
217757686
200038389
246667256
247257077
170661882
35624954
16562172
101464063
106338305
110016515
208099332
22542339
41015302
101398534
184768519
114898953
18741257
184768524
231675919
230602771
244906005
17373205
23861271
82229273
47093788
7755806
81098783
40278048
88864801
160397344
176150563
175912996
67999781
7583782
44931111
150983147
63666217
198219819
168138797
92682285
7165999
242071602
219961395
156350516
219961396
219961398
7084088
67999801
39180348
242202685
168597567
92035136
67999809
102742080
200095811
2095173
199768135
61995084
39852109
47282253
115464269
59037773
231594060
119093330
232855638
154703959
211392599
227776601
20609114
67909721
158857307
17430621
217241695
22550624
163780704
165714018
36763747
3709028
237566051
84899935
9033833
165714027
217921644
89487471
9033843
239286387
45971573
2480246
34977912
75397241
109508729
101685371
14743678
19675263
189028479
9033857
96254082
36501633
158857350
65681543
2496649
155244683
2496653
111065229
91904144
23525523
172030102
145389725
11057312
170055841
82106532
247224485
216897704
69605546
217577642
32635052
199989421
24574127
84916399
179206321
178657458
198949045
242153653
6830265
96639161
6600889
80107708
4184255
114841793
114841795
114841796
203749573
42916036
51042504
43432136
4954314
215406794
185678029
200644821
43432149
102095066
86145246
172808414
155891936
11458784
113916130
160766179
189085922
176011494
193009895
203749608
174749929
178747622
118233324
187472108
79558893
238475503
62380270
35117296
62208244
84965623
236624120
188946679
244898042
112867579
170031356
215677181
71039227
151197951
63822075
233142529
145733881
82385156
163232004
55122182
169646343
156899592
189085958
36460810
200644875
204519692
50747655
12032266
208140556
150747410
8214803
1489171
100186390
54401303
95467800
201333017
206936345
184334619
241711388
46971165
207091995
225442080
151951651
47652871
153803045
9165093
14981414
66836777
40638764
165288240
178534705
167244269
23468339
55834933
231119158
118962488
160086331
228194620
38345021
9845054
115382591
23771456
20887872
61798719
5617987
219814212
88058873
175774022
48224582
219838792
191797576
173373773
7199054
230603086
113023312
202537297
185678162
195197267
92453205
165288278
167590229
7215447
218110298
55187802
87767387
189274462
66140511
116169055
185678179
236648804
226384227
185678180
8993129
245954922
215210345
114899309
93378932
150051190
168122743
227555705
161290618
230816123
233396605
91740542
11770241
189135233
116013444
28244360
53229962
90306955
88234379
29342090
119716239
163084690
210958739
224614806
41245078
72456601
54311321
3430811
99981724
11925913
36747678
21584287
182851998
9591205
6691238
36747688
39442856
47258029
41515438
145496494
48019888
47258033
157923762
197319090
104126899
110442931
160012726
245750194
94648760
109099449
71293364
174348734
41245118
166934976
207018432
86161858
17889732
6068682
159201739
42965451
30046670
57629134
22469072
147012052
29235669
166984154
81107419
197728734
193001951
97384928
95427041
164927969
7199202
17865188
22673892
222534117
116759014
180247012
164927982
81394160
174881264
164927986
183425525
172030456
91331065
79698427
165353980
85842428
206797310
97171969
170703364
56121861
171424262
36198921
54516235
215988748
169548301
194714125
11262477
70089232
222771728
227531286
194869785
57399837
154139165
91101728
174471714
237763108
19438117
2701863
54565416
64584233
222624298
180222503
68287021
43211309
174856749
119093808
112925233
23353906
115235374
9878061
47430198
168254006
21420603
213047868
180460096
95623744
202799680
11663942
40991304
23878217
106281544
14793291
162257484
63248973
162257491
204610133
3439190
33430102
4422232
223656537
170605146
169777749
249125468
153647709
197991004
8313438
204980038
72899172
36862566
75799142
117766758
64739945
224254568
211155563
150968942
189938288
78387825
93108848
42646134
40655478
115645047
99351161
183556730
69081719
7764603
93297272
95566466
107993730
155499142
17717894
229571208
197270154
180951692
12221069
244038285
7715471
155269776
155794064
11950732
57055891
230693532
93297308
39885470
154958495
93297314
244390564
155196069
69515942
20249253
61242020
200022697
41245354
21084845
201834327
85867184
35248819
27966132
104848057
62225082
225876666
27458236
70720193
93839144
201988804
206813892
169147077
191716037
205609672
190855881
21043913
92183246
241654479
111409872
40639186
184638163
169614034
21043926
235756247
205519577
203643611
70351580
87235298
107789030
26655462
32586472
153754345
159054568
204495595
200309483
41302763
40983278
8796910
2005740
151001841
242907889
167811829
161790714
88169215
55745280
201128703
70351619
21502724
231291652
70351622
201530119
116660999
64781060
70351626
162396931
226499344
70351633
27392784
21535507
33798928
167811861
239262486
217348882
211966744
245136147
41966362
153459479
216308508
70662935
146733852
1522462
50895648
50567968
64305952
19970853
32815910
14834474
55335726
152697648
113589041
240630577
21732147
186276661
113302327
77732663
187538232
152697658
11287354
178944829
96410432
225991492
199539526
26901319
14744392
150412103
184007495
36289356
165083984
247995217
6986577
167484241
156597078
70261595
233257819
151067485
109689694
85678941
190675807
164617052
246578019
46512998
234240871
165108585
41098090
95222634
184474476
224639854
103553903
54188912
85179249
5479282
22354802
95730548
177003380
39443318
40942454
160996216
14408566
161241976
50822003
10009468
189905788
174996348
175078266
162503545
11729794
63134595
62954372
101227396
14408578
107903875
11656072
92183431
220183435
67992462
87800720
111647632
191003539
227490708
200317845
68885398
14408603
244521884
202038174
52050847
116685728
4635555
14408617
14408620
237239215
27130799
9083825
56982451
65764277
192879546
192723902
97074111
85695423
150559682
209378245
226409418
108698572
118381518
119118800
212073424
5094353
78453716
61725652
189987800
154450904
9640922
112647130
154147806
216030174
68287454
236755937
14466015
155040737
237362142
168680415
7945190
218610662
22772716
166509549
166509550
22469615
33127412
5290998
240188406
233913334
239819768
204381175
168500219
165698556
86072317
145603580
22486013
241892354
241646594
102636548
190053381
193215494
88890375
242039814
201202694
46595077
24787979
46595082
81394701
32185357
50068493
172686352
83008529
179026960
58481678
172686356
91569170
61701135
21363729
218029071
175455257
69975066
69975067
170826780
112647192
86989850
210787362
69975075
69975076
7076901
51649572
185424932
196967458
230226988
154418225
239688755
183409426
200195124
10157110
202046518
233290813
240180286
239688767
216120384
116186175
39033922
240753731
67550275
217029694
191495238
166509639
47791180
155262032
110763090
211311700
113335382
2694234
42884191
41622625
199965798
31562856
25943145
8330344
177822827
97754220
197516397
3619947
175774831
80829552
184343663
165379186
67271795
209902708
205847669
65993844
91167855
196926584
76807290
55032955
235732093
191102082
9419906
171768966
97754248
106437769
17628297
53345419
169090188
203865224
9432124
179190928
221256851
119430294
155090071
197696664
240524441
66165915
3816604
82115740
188341409
234486945
61897891
61013156
74890402
93330598
12074150
117420802
169090217
224435370
116898979
186129585
241573042
97754293
219626678
169090232
86269112
193502395
16669884
90307773
232914110
62545085
26115260
226942144
107445436
62389435
22682821
74243269
146619590
244489418
223657162
229948620
152067279
101817557
231857365
52149464
46709979
101817563
44473564
24698080
204348641
172866786
8191204
33660133
246889703
85023976
193388846
199564531
72367349
4955387
4652284
166534397
166075646
105397504
77118720
31685889
151928067
68164868
68287749
211975429
99286276
115571974
38362377
105676039
188562697
231718154
226491656
9198863
182730000
205249814
244866327
9067800
157056282
118758683
15908124
7486750
156638495
246915078
154434850
166075683
15908132
15908133
237428002
15908135
40983848
9379106
69172514
120192300
174153005
241286445
15908140
15908143
150658350
73080110
64806190
176004401
66149685
81657134
182353198
241368376
199163186
218086705
61775163
99376444
21077309
228187454
247684415
69582140
226409787
155360578
46988613
23780678
196869447
196648267
241311052
187358541
12008786
158186835
224402772
67788119
117243223
43957592
158186842
25107800
187448669
180682077
43531615
185834847
54631777
233749855
50806109
119119208
241311080
242400619
109362541
158186861
40844653
64789872
109362544
236051826
63659378
83049844
173006192
50077046
85867896
158186873
228842874
158186875
46062970
39869821
33095037
5840254
165780862
158186881
190029186
179985795
53108100
71187842
71187844
1703303
81968520
24092041
150977930
7855494
52075916
183074189
244505998
241458584
173989273
247405976
157457820
236412325
94608806
118381990
80977320
180600234
158883246
211344814
93552053
157457847
201481657
7486911
157457856
159964609
157457857
215137727
236166591
76373444
22420932
7847362
113688008
239582662
104512973
241434061
157457871
108510670
221494739
228646356
180903388
194690525
80977375
230530527
113294817
68271586
103398883
193199587
55762405
246693349
208510435
113311208
183557609
211156456
40443371
53837292
33177070
6602223
44662260
201203189
102907383
63643128
40615418
41262587
157457917
1506814
41074175
211123712
181872475
155835907
85024262
215858696
48913932
224509457
178667033
82976286
154320414
8125984
113581598
92978722
93339171
245251617
116309540
175300134
225820199
75349544
42868262
171408933
41008683
66141740
9207340
44383791
93044273
31063602
73186867
203783729
194436662
66240055
23510584
169942587
119062076
68345404
1678911
23535170
87080516
7069252
211459654
34356804
237297224
237272645
153681484
187588173
159874637
95354449
31506004
68795989
56122966
116317780
88038997
156745304
6069855
116317797
103751270
184327784
41426537
77389416
239451754
235667052
36740717
153255533
236699245
27598446
247422569
237756018
241311351
99188344
40623735
115252855
200875646
112107134
200687234
64781957
235757189
59825799
203595400
35978889
32472712
150625931
200294032
41016976
237756049
227647123
183205523
99188373
236560021
240844439
112959125
238853777
106249880
235757208
192274070
27704987
19914389
181924608
118021792
15842976
217923236
16678564
62463654
200687272
19709610
191717034
235757228
6069933
62463662
1703599
182001327
7446191
103415472
64863925
210017977
195526331
209878717
64569023
59768513
16694978
107183812
26328775
1875655
118750921
43073226
176479946
209157835
216211149
232791762
176479954
179388117
207970005
70500056
170008281
1875674
237412059
153558748
61243103
14778080
179388131
228146916
54861540
200621795
79191783
224304867
40648425
165715690
93380331
75620076
179617517
113286894
186212079
61488880
112041712
219709170
188989171
49725167
219709174
68771575
207970038
242368250
219987707
204029692
9887486
187064063
54951679
185417476
11730695
93839114
49725197
151289615
92397329
108224276
21872404
60702484
37486360
93839128
17334045
222453533
177463069
88678176
6602525
70106909
82501411
227188516
176643870
105922342
165125927
227524384
158637865
93839137
89268011
6192940
34299693
167608109
24166191
8314669
154394417
93839145
11951927
109354808
21692217
208428857
58720055
34299708
236470080
69820224
70033217
81190722
203906882
58720067
162512710
88792903
150863687
34299721
95166281
34299723
95166284
76373833
205266766
55410511
85614416
51060560
171425609
35364691
153812821
172138326
34299733
223690584
244703061
165052249
85892954
231915356
221052765
179142493
200728408
81657696
221052769
71032676
174841701
38403942
107757412
103743336
14172012
9715566
4743023
104890223
55132016
58261362
179617646
217923444
236003189
220282741
221052789
167616367
81657720
58597237
95313784
167722867
184352637
5177217
36577154
22716291
169893764
118030212
201473925
19021702
78438278
247103370
223076234
223076235
154596551
29458318
160513935
102891407
247103375
247103376
100220819
247103378
174473103
163209110
83050391
83050392
109272983
108167066
28278678
44605340
247103389
62414752
83050403
159596453
155795367
181485479
247103399
118030250
247103402
180330410
211009453
160939950
247611313
93069233
111394739
238854070
77381560
6184889
220250043
236068797
10624961
225525698
98926530
225550276
31678405
62275523
59137987
111583174
223281095
184516554
187547595
187432909
94617551
37060560
95215570
191913939
191332307
211099606
155934683
104579036
206921693
99467227
88784863
2531295
171376603
53313507
211435494
32546791
76849126
70590438
41009130
94814184
53960678
146735086
226344943
94601200
155222001
72359922
221642740
191102965
160874485
236707831
39043065
208265213
59604990
