9183233
51093506
37928965
218800134
104620037
196239368
166838281
165085190
47652871
246915078
23494669
90972174
50266126
247963665
61906964
3833877
28336150
194043927
104620056
79192089
79200282
92954651
169271316
192495645
192495646
37994525
192495648
210690081
44900386
165642273
214540326
189874215
7012391
95141926
172884012
37929005
202842158
110354480
165085232
150044723
72859699
48070711
160899128
174137402
61907003
221814844
214540347
189120570
169607233
67125315
203776067
9281604
165036099
221814855
86507592
233365575
61628489
207405131
236691532
49905741
191193164
77471821
201130064
211951699
175906901
211951705
203022426
46399577
9011292
228442203
23519328
189579361
16670818
2711651
115744867
200908902
113016934
245653608
183984230
167428205
83353710
241909873
192774260
109494388
35618932
31981692
83460220
241909885
63611007
220012670
92274817
64864384
45645957
184172680
11755658
44925067
78733453
21536910
104898703
152240269
199950483
26149013
65265814
184172696
150888600
184172698
99942555
65355931
108355740
89063579
189948063
246931609
159539361
226336930
92266656
236167332
58663077
221216932
184713383
53239979
7872684
39403694
39493807
19062958
65953970
10272948
3760309
245448886
66961591
92872888
21110969
67387578
3162299
237134011
41509055
71327936
242925761
178135236
42852551
43565256
190898378
81412298
8028362
158187725
179716301
55599311
119578831
193650895
2072784
9183223
62267608
218603736
63217882
103366875
7233757
164135134
19521760
108339424
86057186
116351201
4694242
65954021
95355109
191676651
113582316
58597612
62972142
44892398
220774640
187080944
162455788
4694257
167420148
182706420
235266293
33153271
164454649
158187769
158187771
249209084
116351229
24535294
192667903
38658304
109535489
22405379
113049862
219685128
153821449
247628046
246333713
100614419
116351252
4768022
172654871
247628055
171589913
101359898
187924758
99369242
176185634
4768034
170025252
167420194
106651938
6627623
227852584
78438696
157466922
66920747
6635816
157466925
62169390
36503853
223150382
39682350
204497202
193388846
24396085
244121911
31981880
59048248
245408058
67666235
62906682
64151869
189620541
43098431
154100029
233849154
96190788
91676997
160006472
242606408
65708362
233185608
34693453
187457874
46293331
192389459
113049941
195191127
194117977
167125338
41034076
235659621
198664550
150659431
205865322
234840427
94658924
189088109
51618159
188563826
169009523
30122355
60965238
31252856
196829561
62374267
208036223
74940800
233341314
156361091
53617026
209650053
170606983
227893644
93700493
53322127
66281873
46277010
30130580
204030362
94658971
88834460
116285853
99033501
55140768
67879331
216277411
179700133
222781859
216121767
188391847
244056489
105488810
9183657
22962600
15581616
249127350
204489143
107635127
174760374
223076791
110895544
6578619
51216822
15581628
241254847
24478143
189112768
14033343
91660733
21971393
240615879
23323082
194085323
42320332
201785802
242106830
8364490
78332370
13926866
8208851
187589076
102638038
197796314
164504030
229704160
209240545
189112802
65995232
59285990
241934825
39633385
45548009
108618222
92332527
161874416
97911281
242106862
78881268
209650167
147284475
91357694
176062974
88646144
31744515
236937732
189112837
155877895
202064392
98984455
212763144
100286988
47047180
229188110
160981519
115147280
42320399
84648466
62792205
152306196
238526996
197902871
170230299
73064988
39830045
34144799
1065507
229327396
92283437
14459440
10052145
191324722
157278768
5177909
207249974
185451062
211624504
5177910
247202362
21881403
85631548
9183805
97387071
236495425
43106886
151626312
82952776
23298632
203235912
227353165
103744079
32023120
240255568
222429778
62063187
201032273
174613077
192979541
85631573
232022611
247333456
224535130
5177946
109511263
164487777
22397539
158188134
26354279
97682026
61743723
224436852
68362868
239174262
9183863
11928181
236946041
113820282
226304638
81887872
237224576
172155522
77824645
179331718
80413318
15311496
31842950
236946054
198296204
36864652
45507213
238011020
235659920
212935313
103187091
179610260
218071701
74162841
164659866
199287450
36864668
19301020
156304030
74162847
18703538
8348322
105521830
188768935
191660710
173490616
45744810
75399851
31703725
36864687
119120560
21709489
101016242
113124020
155345589
247161527
246710967
194298554
150692541
88179390
36864702
39125694
201401025
203596482
221274819
233431748
224527043
155976388
200409799
114672328
107438784
232301262
175743694
161325774
23503566
203932373
154362582
167002838
31998682
235684570
200819424
107438816
31990499
184148708
11150053
171606756
233374439
111862502
189989607
156787434
1786597
165577444
180822762
73917157
85361393
213795578
186163963
48456443
189022973
14017277
232301311
107471611
231121667
35177226
113025803
4539147
11887373
67732245
181035797
112739095
104710936
245875478
161997589
203531036
95986461
38568733
223150876
36864800
107291420
217981725
31540004
235307814
186811175
73851687
71123754
11961130
4522799
11961135
40616757
113279798
2917173
108593977
113328953
90186555
85492540
102892347
102892348
102892351
220046139
211788601
56984387
9044805
200016712
42386248
58721098
237560650
86639434
196354896
204555089
245072722
45949776
9134938
102892382
162931553
83370852
232858468
160023397
227189607
154362728
55722857
154731370
118293350
118293352
116286310
102892398
44565358
86508399
102892401
45622128
9134959
17417076
241959794
81167214
15836023
204759927
164995960
200311674
114647930
118801276
15311741
184738685
150496127
19448703
164553600
206742402
229393282
227099524
104571780
9233282
191701893
31409032
21980036
236929933
84935568
79176593
220922769
154657683
65708949
116171670
80118678
92070809
228098971
37004188
92382109
99156894
19522463
19841947
201950113
180593569
65455007
77554104
34620328
232825768
77824938
189211563
53191598
2950067
198845364
202294202
150578113
86279106
40559555
156672962
242041797
211174341
211174343
211174344
176604102
18801606
211174347
150438853
226288590
155091922
221897685
53167063
223183833
46891994
92881884
12821476
232104932
162866151
26649576
22873066
217957355
193676269
19448814
197420015
246809581
179225581
21857270
235979770
24740858
223339516
160941054
171066370
203596802
34661380
93266948
211428358
231916551
241992716
37012492
239281167
201196559
223880209
236512274
15008787
117433366
117433367
195765272
20898841
224928794
18998298
54715418
76002430
223224864
245949475
155894820
189195301
8193062
236921896
196404265
111010863
60736560
29058097
63816753
173614132
236577846
17400887
22971446
113558585
113804346
61498431
87794752
54715457
104334402
15713345
38298692
236643396
95937599
210904137
151733327
28550224
8193103
14419026
38208596
97936469
218629207
102237271
156001368
44409943
209093721
234693724
60744794
178037854
186221663
113296480
31335520
186221666
158065762
41198691
234693732
28181604
221168737
29303906
205595753
25470062
91628655
44647536
197035120
179692658
221752883
190850166
14001271
70935672
178996344
25060471
46105725
245122174
190841987
155133066
23364747
243541132
189285517
216982667
149922960
64873617
21529747
40977556
179111060
199091349
232170643
19031197
195814558
145564831
175973535
231040158
18703523
244917412
195814565
54887590
246301863
180954280
246301867
26633387
1819821
156902574
245712047
54887598
246301873
176235698
116532402
195798194
3777717
28533942
237233331
6571187
108086457
43656378
188949691
177947835
187057337
45573313
40355009
175400132
237044933
155772103
76924103
218080457
247604429
153224402
229180627
65438932
169624792
179061979
81429724
21759197
92873950
247604447
230900958
2958561
24544478
61244644
49390821
7234789
229180647
208119012
117236970
43549931
150906092
62407917
117646573
79783153
11928819
217982195
105899253
233546998
71394551
26666232
228123897
151766269
59065597
29394176
8103168
11224323
174998789
184927496
11748617
232588554
99730700
82519309
247424269
156296464
241935632
101483794
170534164
54732052
156665110
175973656
163415322
41362714
57328926
151840034
231892262
64177447
8152360
146572584
44631338
208373034
193053996
100394282
8324394
179373359
59065651
64177460
40445237
11986229
50890047
151840064
177505605
61506886
81167215
119907656
79783241
23700811
28583244
84862286
174785872
24528210
236168531
244049235
118375764
23225686
145401175
160605528
9413977
225928538
44549465
220071260
107431269
28378470
82716007
92071272
207234410
59024746
241665387
191792493
104580462
81356143
234300784
65504621
115901810
14026098
36734324
169362805
14378357
208045431
224355701
67962233
238544241
236447094
18965889
81356161
231236995
81356162
102860167
195732872
158098825
191792521
98534800
22554003
24667540
159630742
16590230
145573272
234735006
22554015
64562591
62014881
32236959
91506083
159827365
15254955
19383723
54871469
9749935
169330095
238716338
116188594
11429300
39249335
179365311
68511168
98485698
188458435
241935812
20882884
5375430
15345096
246957514
23832011
240895436
238896592
241935829
5375446
5375447
36873688
39110105
42436054
211789276
32703974
245384679
38323687
67282410
179422702
42157554
179373555
169076212
175973876
240305659
113616382
108299775
216139265
241387010
183608835
9225730
205235717
58287622
24069637
155633160
4711942
119399946
216819213
199796238
29206032
81421841
227411477
183439237
6219287
232203797
180487707
205235739
52545053
194102814
47007262
240598028
194971169
2065949
171173411
97551908
2065958
233416232
180577837
169084461
17557039
104752688
82716210
43435571
211355188
68298292
156665398
189294135
82716215
223200825
236611130
226027067
29017659
99657277
47089209
79152696
22554181
42903111
236611144
112969288
219022923
7882318
216827472
223200850
2950742
110011992
92325465
69813849
218875482
22890075
224413277
236176990
71329375
167036512
32450140
227001946
91940455
14722664
20694631
26609259
168519279
37308016
61335153
151733874
57902707
228353651
104564341
179234418
61335162
43550331
65537660
239314555
102024829
166880895
12068480
175744640
170608256
63661699
187991684
92505733
22890110
154027652
43116168
115590794
7112330
237733517
165799567
201131663
178742930
36841107
19646099
42821268
164841110
164841111
164841112
164841113
164841114
152168091
164841115
164841116
11232919
54871709
172344983
2008736
205489827
28567205
166192805
200492711
99133097
1509034
245655211
236766892
220251821
246826667
27829938
180078258
112953013
158729909
35038903
229344953
199681722
245450429
201369279
224356031
44295873
25405122
97388226
5179077
5179080
31254218
5179084
112993998
179619535
2000592
106743508
179422935
31254231
56510168
95215609
219580125
67913440
177776353
177776354
8505058
109274850
88983266
5179108
174687975
107792104
107841255
28026606
198878960
9529073
189974258
96077555
16008945
101746421
80037616
165938936
156010232
180176634
205072124
181495548
245401342
31254273
17360642
88983297
202327809
12101383
235669259
35407629
91167855
150726416
47073043
55011093
52512534
189056790
157959966
173844254
244721440
23037727
153593635
229557096
249177895
117507880
11724583
106211113
8939310
249177903
92587822
227878709
155346742
92407607
95684410
156231484
36300607
184756031
55052097
180578111
245122880
178677573
211281734
81422152
114231115
25118542
246974287
61499216
96700240
31532883
196364116
25511763
2516821
165939031
186877785
220530521
94275417
57059164
147244893
24012638
238741343
186566494
79316833
63563618
41133921
181872475
155527013
247965542
155133799
46434154
8308586
191661934
193202032
62965621
199944058
188974970
210577275
43951995
28308676
247023490
14059395
52324228
24389509
6162311
38315912
62949257
94275467
112625547
189654929
203548562
50816914
92399508
48449428
150333332
213501847
200501143
247269271
181872538
100091797
14854045
32704414
39561117
191661981
112625568
169306013
38356899
66856867
169207715
206964646
43411367
90236840
220940202
20154282
69248943
11986864
33941426
77121459
86386612
43386807
218613687
213026751
41371586
45672390
202033097
106137545
8849354
204580812
241887181
8849356
184182735
8849358
8849360
18139091
112125912
231835610
43411418
92055520
1837025
36849634
26560481
180733924
43411425
99641318
154675176
244213736
200255466
170444782
54372335
174565359
153888753
108881906
104941555
88950775
246835206
17655818
151857163
115902477
222988301
210675727
7120915
219015187
218048532
115189782
189016087
151619608
105113625
61130777
77096987
163260443
199288861
200656919
182306841
220940320
19335201
198166556
31557668
209381413
23709734
1509412
215951397
241362985
33024039
235268139
195422251
150538285
221685804
115902514
44124211
8038452
175859765
20801589
55953462
60844091
176302140
4843581
76212283
229206079
7047228
95430721
91007040
193169475
81987652
102697021
244598855
19646537
109856842
83413067
61491275
63670348
86263883
4458575
87451722
62851147
244975698
4597846
61491287
91646039
2033753
115902555
115902556
4597855
94398561
164685922
220506211
111585379
102697057
153233510
172787816
31090793
216934504
4597866
14190700
85198958
147146863
209684590
210307185
237332596
61491322
67012734
81029253
216967301
20179080
222521481
111585418
21006478
18442384
154355857
219613332
224528534
21956759
98748569
187451548
233556125
145402014
98863261
182298784
40667297
179751068
40495268
158099620
27797673
110708906
104532139
23300265
22767791
152398000
34154673
244705456
104532148
236652725
218417333
219613366
86231226
106203325
154421438
1477244
245713089
18196674
14764233
182757578
187304139
145565897
111585494
219891928
91711706
45951195
226666721
2484449
194922727
183568617
211937514
183568619
6703337
241641709
1722611
80038134
181307639
83216637
97069313
196299009
64112901
226666762
220612877
67725583
240544015
119589137
86206738
154421521
26274068
227330325
76482839
220891417
154421530
170305817
31428147
188770589
5384477
216148253
97265951
66627873
64112930
231205157
247212326
113658151
119540008
14772523
25757996
183167275
95643947
244795695
246556976
157264175
157264176
49981747
26831160
177768764
155420988
85862719
244238657
114542914
209340739
235718979
205456238
15722820
196299080
199977288
18901323
17819979
203475278
28993870
238905680
188959057
12421455
179349843
157682001
31549781
81414485
22350165
151898453
203147610
231950683
216697188
163334500
21678439
167962983
242002282
24938861
9496942
26757487
104622447
223119725
240683382
8448377
183265657
79497597
110709119
152758656
113461633
75794818
3803523
199543171
199543172
218417540
193194375
167184776
106146187
103147916
23841165
76990862
48818575
174147986
204728722
11725206
239258008
209889689
152242585
241912217
117737884
42256792
20859292
36571551
6752669
42420635
178735521
88181155
183560616
106203560
119572906
232417711
117098928
95701423
249178546
43616691
36571567
96987569
158886326
244017592
168209019
99051964
180881854
73787839
12020159
82438595
232417732
46819782
207997384
236595657
231713224
179513808
93047248
244017620
208472533
52431318
236595670
244017622
202320340
221268444
38988257
93301217
73787876
104892901
225872358
211093991
2763241
50522601
91433451
220072430
85395952
202844657
151955954
108128761
241822203
94669307
27585020
105671167
183085568
105433601
46180866
83446273
41413121
156232198
21948936
103311887
119499282
216033811
204565012
214444566
186952215
62376470
191130139
28568093
64170526
242158110
168864289
28568097
154798627
112126498
89106979
14772774
188942887
4942374
28568104
175729194
183085611
193874472
119401005
91302446
64170542
201493040
219720239
53439017
151661107
29043253
163834421
19851831
85609016
188942905
246745658
179784249
40528445
182209086
164710976
175827521
205793857
16697923
88656453
62999110
83429959
119097926
82291272
12208714
220203596
95201868
236792399
23521872
222702162
93391445
226232918
229296728
247540313
16697944
210676316
29747807
215198304
15985249
57182818
80874082
160115298
190016102
220015207
220015208
220015209
183175786
236841577
94481004
229329516
59116136
227912303
106416751
242715249
97643122
165440119
232761976
24873594
151349882
163105404
185780861
65882748
25823871
67857023
115182204
157682305
95627907
29158020
173984387
111872646
64137863
232516232
66570894
1510035
95627924
14076565
234023576
66570904
182045339
66570908
67807901
183585438
170388123
85723813
237382310
113306283
116542123
219417261
168209068
67857071
4090545
14740155
44731068
183790268
183585470
11315903
70183611
183585473
20179655
170388167
247827147
209111755
15837901
203549390
179047117
88910543
161327822
190851794
154274515
61475540
97741522
35031759
35031764
199920347
227355355
24065698
91581154
179694306
115803073
55118566
91646697
61147882
62655212
146975470
62655215
3656435
36236021
210971382
100633334
107268857
11078397
11078398
202009341
230845182
11078401
233024255
47721222
237595399
72600327
28560136
204491530
7990027
220072715
118008592
52366098
68569876
96480021
164719382
199240471
217156373
244517656
112970517
196348695
6564632
219548439
116034334
52079391
101632791
107268897
95292193
220154659
61524777
164571946
211790637
35547951
155978544
7965489
81070896
96480051
82234164
39832368
227552057
155102013
103050048
187755329
195840833
88943425
15682374
179104583
237595465
115575626
101436241
189098833
151841622
151841624
154364762
67259230
188500831
36268897
14199650
174287718
201993063
29027176
203115367
4705128
237595503
58002287
54897519
185445233
191892339
208825204
18598773
199945084
53070717
18598781
22940540
65973120
164883331
215772040
242076552
174680970
92670857
69659533
28273549
154004367
160762770
152243092
75729813
218426260
160762773
84536216
155872152
81357722
59124630
92998556
65473428
186101782
200895391
3672992
7973793
245025697
7973796
220302246
8006568
26807209
29092777
28593067
2149292
2075560
42986410
206924720
157273008
61017010
154610613
110922680
242133944
53226432
29248450
175598536
34270154
228453328
54897617
46418900
17689558
115133399
36613080
203615196
242133983
21351394
65973220
237628390
25791466
163867628
160279532
228355056
102894577
88681458
92457969
76991476
234359798
5270519
54692854
237726711
229469178
171977723
247147516
198577148
195685374
163990518
219040761
192867327
103099394
56192003
23702531
184290307
168209412
242797575
186625025
27593740
96349200
44821521
24439825
9047063
75910168
229059608
48319515
235654172
24439836
169880607
38439969
158856625
4566053
18992166
227773479
161344549
219573287
222940206
207375407
44256304
226315310
63728692
116468789
180792376
244509754
215485500
43576380
92015676
189227885
9432124
153676865
175746114
199879745
229641284
65768513
85666886
237210689
49056837
88476738
63474762
236465227
175746123
80890954
90344526
226004047
199879760
152390733
244247629
75156563
190311505
7416918
20843609
31419483
45927517
24439905
38757237
57085030
114494567
220965994
188959851
1748083
190852215
94940280
204475513
155888762
96889978
38456444
201518205
21482620
85044354
8629380
14453893
227527813
164473991
88157326
9522318
10849425
183004309
157994135
14453912
157412505
236604569
147049626
221924508
204213404
95743131
159616159
231967904
91093239
27839650
1469598
1469599
223874213
26635426
1469606
19680424
201788582
33156267
120204459
48925868
17771696
114896051
152530099
73264309
26717363
180718775
9579706
204213434
184429754
23555258
235998400
227822786
165768387
113831108
170831044
103550151
246254794
74951885
205327567
17591504
225643731
57519315
116747477
240315606
16182484
156912857
47008987
113831135
71036127
193309919
110046431
159870180
86265062
223186156
45993198
45755632
37498102
60271863
36760824
153251065
29494524
218295549
97348863
57519361
189115649
85789955
224431365
161246471
19819784
154586380
42708237
205499660
165047571
18074900
169930005
19385621
211709209
11119899
3247389
56659234
86199589
34991399
34991405
2477358
31567151
226389295
113069361
198102327
105237816
204623161
247418167
19197245
239463747
34557251
169667911
217288009
57519434
97144139
112962891
200895823
234261839
179088721
103492952
53177689
150613340
84192605
222506334
183274851
58961252
190958950
92990824
159845737
194506088
231968107
205532524
46321005
58592619
159968623
42904942
112209265
5991793
183946604
37162352
242068854
99069306
232303996
110800259
66243971
24513924
22695302
155250055
218738055
176287113
246713736
113618314
242126215
203902342
106466704
43756945
77901202
222137745
234204561
67489169
114904470
234204569
29453723
40799644
55684511
38399391
155946399
182521252
233737637
192212392
55520682
92958127
117673392
8662449
32648626
183373234
234778034
167685551
34368950
4681137
81292728
207031737
32001466
35057082
45739452
198282685
157969853
4582845
1682881
226364865
97438485
160951745
170356165
63016390
62680518
92589511
38309322
236588491
113577419
18558416
247533013
205106646
182693336
76738009
194104794
155856347
89419228
158270552
230714846
203779551
242732514
245124580
217689573
60878312
38587885
159190510
203165167
19189231
190860785
25308658
95989235
38112756
4582896
92327414
113577462
73838066
218271225
26988026
8220154
16657917
204525054
23416322
202010117
177360392
169807369
181874184
4582924
104893965
165269007
38293008
151711247
11038229
163196437
197643797
75181592
166997528
14085657
88058873
209251869
109694494
163196446
8220194
182382119
39489067
27684396
193539629
174861869
177720876
21630513
206974514
26635825
221326900
15912500
85462582
4984372
165211704
116518456
12832314
157986363
12832315
12832317
91582011
33091135
195104319
94432833
85126721
204033603
217411134
174837317
117796418
218902087
151318087
11120202
93253195
4582988
111554124
72887886
2330190
109530701
206671441
193490514
187682383
4582996
243822166
209284694
114429528
7458393
80301658
172756567
195030615
39489117
85126750
45518429
14462560
10800737
224382563
178982500
211365477
97087077
90492517
206671464
10800746
5770860
10653293
192310895
189615728
33123962
85077627
79302268
200289917
234745468
111046269
67972736
151940738
189615747
188960388
244117125
195792518
21941892
29863557
154824330
222391947
23826058
55963274
21704334
40562320
69676688
22007443
200240788
247467672
155963035
234204830
102330015
221556383
158928546
243691172
68873894
116027047
105696936
33091241
53874346
85012140
9252526
174403246
11906735
75370160
154709682
204033715
231624369
86576821
221556406
45059761
223637177
9252541
86576830
158928575
55004865
230854340
68873926
183742150
58666694
23817931
220843725
200593102
104894159
13881042
115609300
26709720
223137498
71388892
57945823
180399840
245173983
212307680
1830627
95153891
93449957
155619045
86576871
87338727
46092005
220262123
73133803
151088877
44994286
85905136
68873970
151514866
41193204
209997557
150367989
156004087
72732407
204197625
33074938
27635450
198635256
86576893
201051902
27373311
180956928
16011005
9039618
23506685
37170940
52932352
31559430
19861254
242388744
52932354
26709770
104869644
217157389
204361487
9006864
191622929
205803284
61427477
227847958
242601748
227847960
156069658
50819256
174788383
57995039
177524514
15683367
194203435
223358764
99888941
229371694
118427435
28389168
194932529
246542130
31305522
150507316
37924660
151408434
192212791
18829104
183160633
68374329
116895543
194367294
191180611
85462852
84979525
35237702
91221828
58380106
69988175
173707088
110874451
236490580
1740628
194735958
179187544
203902809
242634586
112742235
70856539
61026141
205246308
42102630
167710567
81882985
247500650
81882986
153997164
223203177
165449582
233148271
198635369
54316914
160034676
52473719
36654968
205582201
193064828
103411581
189083518
150851453
103600005
103600006
26963847
26120072
154693513
103600010
82423691
203222922
101765005
11464590
183095185
16297876
58019733
83521431
11906968
70930331
82022299
2985885
155605239
151498657
174124967
189288360
164720551
216125355
3346348
115912621
195030962
176017331
107622327
37973943
6557623
147140535
246689723
167112633
63336377
3575741
244084671
208596922
103411651
95367108
239267782
204959691
239267789
150646738
26161106
39391188
239267796
163876820
239267800
208760793
11792348
245428190
239972319
76287973
39399398
52776933
11628522
214437869
179277805
169881586
101593079
91672568
16715770
16715772
61575165
208990208
89092099
45527044
204066821
179400710
112283655
199880709
237334533
27381771
107958286
189616143
236744720
164122641
66080787
54890518
248066071
183562264
19288088
9711642
112283675
200863772
11628571
54226974
82710555
181940256
235393055
189034530
54890532
201404453
227627045
172625957
182292522
180105259
192852012
240341041
37924914
2134072
95653945
202051642
179007546
24203324
160976957
9711674
90148921
190820410
86495294
238825539
244609092
227463235
14987335
154718280
57888841
206925902
179310671
158888016
193851472
224456786
43429967
16601172
6115413
153997398
38252636
83054685
25497693
46780511
158888031
233869407
2445406
153997410
226357342
64344165
56070242
12005482
44544108
53686383
38334577
46289009
245928051
44585076
78803057
116559989
11325557
40783986
64794749
222974079
158888064
178114689
226357381
50901126
165884041
176083081
176091275
29233292
179359885
154693777
101863570
97661075
166383767
6811800
61829274
205598875
68219036
166383771
5427356
231149724
200495264
154415264
167276706
38391971
22753444
166383781
166383782
37507237
226357417
37793962
166383786
166383787
115404973
201060526
28995759
231026858
22753459
186937525
97145014
241848502
236056760
166383799
95621306
199921851
203755702
1814717
157438142
16142522
21409980
113660097
187707587
217125059
199348420
166383812
97751239
35049668
226136266
186872011
83054799
236286159
166105297
80040146
155635921
16675029
98808023
54931672
81891545
47821017
97751259
181285082
246665437
18452705
38981858
185716964
243519721
92500202
227569909
166572278
150941944
28274938
174641403
40980731
231197218
119525629
179106051
45977860
100823301
12562694
81957127
153219336
106475785
63181069
226491656
166990102
40841498
54202654
47771936
29774113
206696738
85930272
167760165
97022248
71725353
234287403
165892396
81801519
113324341
196997431
229265720
240021821
232067391
245199168
15847746
71487812
6820165
222490949
84881733
225603915
237318479
248516947
15847764
7917912
153784666
110965083
88863069
234910046
207835486
30151008
63123810
38547811
39350628
5386597
11096422
244068710
29200738
156348777
31535466
231199081
236630382
54743408
180679024
62919027
166793589
78238069
62443895
245035384
95924600
233402749
197366143
179171713
215454081
66007430
54366599
189313427
99332499
249172381
165302685
38474142
59044256
162959779
21033381
67826085
38474152
80957869
92475824
67670452
113439157
21541302
184242612
29381048
28389816
110481846
44609979
62697916
234582461
16773559
40391106
41940687
226529736
80253387
155865547
193081806
70873551
35246549
25432533
217108951
151196120
215257561
163271130
94597595
38007263
188944864
10514913
217108962
155038176
82186719
166998501
45748710
91189731
227774952
151269864
151269866
235540971
40579563
36409837
228299246
241963501
237179376
151269867
201077233
197997034
204616180
236900848
220664301
233411063
92779000
168849913
200651260
40382974
202682887
153997831
236474892
223384076
157635085
176230931
31052309
195760662
21312022
200471065
108900893
19821086
242586148
199537189
189313574
158339627
103264812
110285358
37507631
112194095
242324017
90542641
21353012
156668469
156226101
44511801
115724859
172307006
67400255
241308226
193606210
161272386
239743558
47059527
236278345
170611275
113406540
45609548
211210834
20976212
162894420
33075798
15028822
114086488
39490137
38580825
74314324
179450461
105435742
54243933
218911327
158773854
3347042
60101221
189313638
231494247
229864040
34009702
186258027
8163948
242078317
27382382
11473517
161796721
33600115
87872116
33174133
81416821
33198711
44208759
180195957
115774080
39522945
26243724
222089869
45699726
219632268
7860380
154170004
234525333
224342679
8147608
241414816
39113377
59585185
54966520
22016678
61436583
15577769
39400109
21689005
242537137
119886516
10834614
16683703
82293431
45290172
70898365
95539902
13824701
164803266
29684419
173388482
170832580
209277638
195891910
192230089
200291018
158520011
240775884
29020877
2937550
2937551
216339150
227390162
239252179
92402388
185856725
95122134
166769367
205230806
165434070
160641754
153465563
246887124
85086947
215831269
164508390
219362023
203625194
37384939
21754602
105665258
82375406
39195375
22663920
196145905
1749744
27308787
245773041
57070317
61575927
88838904
112915193
115118843
233591548
35295997
161944318
181924608
158446337
117420802
199430916
181990149
200618756
19378948
92861192
13865737
219951880
231240461
206811920
235262736
26071826
33125139
161862418
28381973
169505557
212906775
200889112
151114519
245043992
217142043
242545430
52302616
167670557
35025694
240784160
65229600
189690655
34370339
194229028
155284261
97243942
206992162
39244575
220549929
172266282
17453869
64738094
194229043
194229044
157774647
243512120
36901691
45331262
166974270
33993540
66499397
14955338
118330186
119436108
28881742
1528654
64738128
236098386
98497363
18223956
209163092
21754711
39441240
17363801
236131160
41169753
172028764
151614301
57635673
103404384
86463329
17380195
241718116
29021030
93074278
246977385
111096684
73069423
87110512
189862769
206992239
172028787
17929077
155898742
172151672
1684347
182711167
87790464
237335424
9147267
85005188
240718726
197940103
115471240
163468167
39400330
227988359
76477318
80548749
61404046
106410893
91288464
73847698
66573203
150860693
14594966
2503575
235000730
4338586
183276442
58020764
14734238
7410590
15283102
20845473
193557410
52589475
180433828
175346595
92181411
151597991
14996392
80286633
42832811
150041516
242914222
242332593
104919987
85259187
18166710
200692665
176894906
247411641
26121148
73814973
9761726
9294783
9049027
57643973
187773894
113218503
114840520
25293775
82629584
151835600
190018514
151835601
195990482
23524310
85062615
160773081
11744218
44790747
169087964
47174617
11817950
41161696
200692704
44692450
176894948
179139556
217191401
192336874
240579562
81949677
107312112
197948401
89322487
116569080
229307385
87118842
53679096
35976186
49673214
150926335
11047937
100955138
23237636
3781637
19928070
42071046
72487943
184734725
66319371
240284686
154366992
198013969
171955221
57086999
147297303
179393561
26539035
227578908
227775517
201192477
108401695
93205532
227431457
217076770
27153443
28308516
247624741
83063846
204846124
57144366
74298415
154407984
169849903
99267635
220484661
232346678
55170102
151180343
231945270
150574138
9294903
24515637
111047735
230593593
20419641
36295744
73921603
89928772
97481796
64738379
179049547
241366095
197391443
93181013
234771542
186692696
234517594
103486556
72037470
10515551
184882271
63337566
32011364
5559397
103691368
92951657
95245418
103634025
85292139
92804205
5772398
41956463
115913838
163271792
163468398
175527022
163468401
168744052
159495286
244692087
52352118
104371321
97227897
22729851
61330552
220484733
172700798
7885951
199275647
3806335
77780096
119272575
111973502
84997253
118346882
192164999
78935175
52581513
247542921
118346889
45692049
230945938
174773397
1373335
168318105
189355161
175912094
86832288
150992032
192828578
174773412
31880359
200365224
231969961
196375722
172831912
164451496
73815212
47191215
163271856
29234352
152229043
11990197
231552182
16782519
118346934
73856188
8443072
21689536
198964417
39146690
238007492
60339397
115455173
81417415
58021063
91100358
212407498
175969483
177460428
154694861
163468488
104076495
202282189
73659601
43496658
240645325
17667285
14791894
155440343
245683416
202208472
21624026
72439003
115193051
91665621
7951584
29037793
155514081
15914211
163583208
172602600
202667240
232568041
194376940
114529517
78034156
21189871
249124080
29037812
17741044
2438393
106378491
71169276
239088895
61330688
84874499
109573379
236639493
61658375
42390791
11793674
20010251
177739020
20903181
29332746
224408848
11711761
241292564
11728148
39859478
214529302
64722200
53220631
207484183
241079574
55129375
118207775
9475362
220255522
105420068
217617702
173298982
183080232
152245544
209949998
4601134
26948915
191337779
158602549
207754550
145388855
236164406
21689661
115397950
118551871
41203005
203248959
65516867
174806345
86398283
198047053
86398286
235033935
231290192
25507153
207754578
113194321
59061588
205403476
235066711
58316124
53253470
216757602
31987045
235771237
3798375
16463208
26850665
119715178
107943273
105969004
89568621
36664684
242808180
45946233
58881403
39499133
157906303
104715647
15873410
107459970
6239622
28317063
119952776
238810506
104707476
43619733
16668052
61519256
1987993
220771740
15365533
68892062
214644127
15250848
15365537
237745569
19830179
92272032
163280294
200340903
160503208
38155687
215389609
236811691
46757292
80942510
163780015
82007472
147101104
29193648
187938227
92665263
228988336
19232182
200160689
6067640
179713460
155858362
66164155
184710588
162321853
194188734
64812475
83170746
237188545
120165826
223860162
8902083
33142213
236058055
150640071
68744649
184169929
39450059
219731404
62625227
14022094
4797903
53859792
60110289
151590354
1988044
180245972
151483854
33183191
33142232
16659931
247764449
227669474
93238754
231011812
92665316
62068198
241628648
26088937
215258602
241628651
163280364
236058095
201496047
105215474
41375219
219444724
151483892
245470710
113423864
61216249
11081210
236058110
46315007
209688062
175396355
82982404
83162628
54605318
41383429
145724937
158471691
69269004
61494797
64714252
240088590
247559697
11957778
57783827
88651286
85022231
234624535
92403227
6755867
180262429
46069277
24180256
64149024
19133990
27153958
95362927
208524841
53777964
21730861
72209967
17798706
247559731
204346931
59790901
39556662
3651126
39556664
39556665
39556666
156055099
174749245
98907710
167122493
174749249
168580676
226358852
174749254
200308295
237262406
185595464
99202635
70653521
8074834
9524820
216847957
215545430
204568152
43095640
14415450
246715992
182113885
62387805
201078371
245479012
19830373
160896614
61347432
177755752
72210025
44996203
157740187
45135469
66262638
242620013
47380080
147289707
31381106
9205363
93296246
194737785
76461689
217200254
68286079
17307264
79435392
31381123
173381256
102561417
21689997
14767758
47142543
113006224
156153488
191075986
39343763
104609426
21911186
15914648
97023641
155227802
81393306
236000924
65541789
155801245
21665437
33388189
155129499
64722594
108263075
183342754
68228773
150877859
217175719
103356072
165901991
34690730
225875621
5011116
21690030
162584239
21518000
21919409
54471747
102414008
213718714
75437756
177780414
196335294
61527745
244496068
186906309
193631942
193836741
9213640
100202185
98358985
233494219
174610124
19961548
100202188
152778443
180598479
99423949
174610130
105412307
25294548
99423953
175060690
31471319
208099031
187692752
175060698
21083867
37148380
220665563
236861150
190813918
209499875
45905636
193353448
25294573
164714222
100202223
87144175
152229618
201316083
22361845
100202232
7550712
197875450
94582524
90167039
65664769
113399554
199735046
103511815
91698952
179885835
168826636
237565707
55711499
25294607
62445328
208484111
179468050
7714571
219010827
108427027
44488466
110745367
150918936
103511833
25294618
193492763
11089691
247174937
22632223
237614880
202012447
241579807
244299551
244299556
48789288
247183144
217077546
193492778
34879275
105699113
29226792
19453743
239286063
228988718
37500723
16668467
96171834
107370299
58464061
19846977
245471044
68515653
179812165
58160971
57161549
231241549
55924557
16758609
165459795
186201940
95065942
95311702
61241174
20911958
91436891
200243037
151500638
7714655
178050912
155744098
244299619
241702756
196368227
190011238
202151782
6936424
35583842
115611498
238488729
97073004
150419309
40392558
3045232
14784370
21870451
31053689
31594363
113039227
100767616
107444101
205158280
8894346
40425357
176928655
220993424
150419345
237328274
27555731
156546964
210597780
8894357
7714715
189994908
238000029
62773150
195213215
55269279
93214623
66607010
209426339
230561700
15890342
165877670
244152232
116684713
111114154
227522472
1497008
46576542
96622516
205690804
65181622
150132665
224311226
240146366
71841727
73717696
200538049
234084292
9492422
82122694
32692168
59054026
243701706
60676045
36575182
16586704
246986705
178681808
59611091
152696789
179386326
194656214
15554517
60159959
210597850
170661854
19914389
158513120
14661601
52721636
197990373
8476646
24696807
6821864
47257577
221583337
233846763
170252260
75937768
72407022
91183081
60823536
200890353
63715316
44308469
217757686
200038389
246667256
247257077
170661882
35624954
16562172
15308798
101464063
106338305
110016515
208099332
41015302
101398534
216832008
114898953
18741257
231675919
72185876
244906005
17373205
82229273
47093788
7755806
81098783
91691039
160397344
176150563
67999781
7583782
44931111
150983147
168138797
22583342
92682285
205731889
219961395
219961396
219961398
7084088
67999801
108656699
39180348
242202685
92035136
67999809
102742080
200095811
2095173
199768135
61995084
39852109
59037773
119093330
232855638
154703959
211392599
227776601
20609114
67909721
17430621
217241695
22550624
163780704
165714018
237566051
3709028
208959587
32282721
85317734
84899935
9033833
165714027
217921644
55826542
89487471
9033843
239286387
45971573
2480246
34977912
101685371
14743678
19675263
9033857
36501633
224655494
65681543
86947975
2496649
67729546
91125897
196967458
2496653
111065229
91904144
23525523
172030102
145389725
11057312
170055841
101480610
82106532
247224485
31553706
69605546
32635052
199989421
217577642
24574127
84916399
29554865
178657458
179206321
198949045
242153653
6830265
6600889
91969724
114841793
107452610
114841795
114841796
203749573
42916036
239073474
51042504
200644821
102095066
31553755
86145246
172808414
155891936
11458784
113916130
160766179
189085922
178747622
203749608
118233324
79558893
241850606
238475503
215988460
8345915
35117296
62208244
84965623
236624120
188946679
244898042
112867579
151615740
170031356
215677181
151197951
8657149
233142529
63822075
225974531
82385156
163232004
55122182
169646343
156899592
189085958
36460810
200644875
204519692
50747655
12032266
208140556
150747410
8214803
1489171
100186390
54401303
201333017
206936345
184334619
15268125
46971165
101595423
225442080
151951651
153803045
9165093
14981414
66836777
40638764
165288240
178534705
160749872
206895410
189389108
96082228
55834933
208140595
210794808
118962488
160086331
228194620
38345021
9845054
115382591
180459839
20887872
21166402
198809923
219814212
61798719
175774022
48224582
219838792
191797576
42986389
173373773
7199054
195197267
167590229
165288278
7215447
218110298
87767387
66140511
97171811
236648804
226384227
8993129
215210345
114899309
101505389
179861872
120002928
93378932
150051190
168122743
227555705
233396605
210655613
91740542
11770241
189135233
116013444
235854215
28244360
29342090
88234379
205478285
163084690
33192339
210958739
21584278
224614806
41245078
72456601
54311321
3430811
99981724
11925913
36747678
21584287
227524384
9591205
65460646
36747688
39442856
47258029
41515438
3578286
47258033
104126899
110442931
71293364
160012726
94648760
109099449
41245118
221788607
166934976
207018432
86161858
17889732
6068682
159201739
42965451
85885223
57629134
22469072
17775057
147012052
29235669
197007831
166984154
81107419
197728734
95427041
7199202
17865188
22673892
222534117
199948775
36706793
81394160
174881264
11950578
91691504
183425525
216873466
79698427
165353980
85842428
206797310
97171969
170703364
56121861
8313350
171424262
155908616
36198921
91576841
54516235
215988748
169548301
194714125
11262477
70089232
222771728
188742158
227531286
194869785
217602588
57399837
154139165
91101728
174471714
25246243
237763108
19438117
235657765
180222503
54565416
64584233
222624298
68287021
43211309
115235374
119093808
112925233
23353906
9878061
47430198
162036282
21420603
213047868
180460096
95623744
202799680
11663942
40991304
23878217
106281544
14793291
63248973
204610133
3439190
33430102
4422232
223656537
170605146
197991004
153647709
8313438
24836703
72899172
223926884
36862566
117766758
224254568
211155563
150968942
189938288
93108848
42646134
103471734
40655478
99351161
183556730
34355833
115645047
69081719
7764603
240335487
93297272
107993730
17717894
229571208
197270154
180951692
12221069
152238732
244038285
155794064
57055891
230693532
93297308
39885470
154958495
7445152
93444770
114465443
61242020
155196069
69515942
93297314
145733881
200022697
150796970
41245354
21084845
85867184
35248819
27966132
32717495
104848057
62225082
82025147
27458236
45898430
70720193
169147077
191716037
205609672
190855881
21043913
48213064
92183246
241654479
55720656
111409872
40639186
96647891
189045458
21043926
107436760
205519577
203643611
240179932
70351580
107789030
26655462
159054568
153754345
204495595
200309483
2005740
40983278
151001841
242907889
167811829
161790714
88169215
55745280
201128703
208067329
70351619
21502724
231291652
70351622
201530119
116660999
64781060
70351626
170253063
197679884
27392784
70351633
217348882
21535507
183409426
239262486
153459479
211966744
43268889
41966362
70662935
216308508
201251612
1522462
50895648
50567968
190028576
190028579
64305952
19970853
14834474
50289450
55335726
152697648
240630577
21732147
113302327
77732663
119094073
152697658
11287354
187538232
178944829
225991492
199539526
26901319
14744392
97123144
150412103
36289356
113990476
165083984
247995217
6986577
167484241
236448765
156597078
226212696
70261595
225377116
151067485
109689694
85678941
190675807
233257819
171555682
246578019
164617052
22584165
46512998
234240871
14072679
165108585
41098090
95222634
184474476
91274094
103553903
54188912
85179249
5479282
187022193
177003380
8878959
39443318
40942454
160996216
14408566
161241976
162503545
10009468
174996348
11729794
63134595
62954372
101227396
14408578
107903875
11656072
114785156
220183435
67992462
16682553
87800720
191003539
200317845
68885398
14408603
202038174
52050847
116685728
4635555
153607075
14408617
14408620
237239215
9083825
65764277
192879546
192723902
97074111
112229312
85695423
150559682
11656130
11656132
209378245
154057667
226409418
108698572
92717351
118381518
119118800
212073424
5094353
78453716
21609430
189987800
154450904
9640922
8698842
112647130
154147806
216030174
68287454
236755937
14466015
237362142
168680415
218610662
22772716
166509549
166509550
22469615
33127412
5290998
240188406
233913334
239819768
204381175
168500219
165698556
145603580
22486013
241892354
241646594
102636548
190053381
242039814
95575047
88890375
201202694
24787979
219094028
81394701
32185357
50068493
179026960
58481678
91569170
61701135
21363729
218029071
219094030
115334159
112647192
175455257
69975066
69975067
170826780
86989850
210787362
236592162
236592164
54156323
69975075
171555879
69975076
7076901
51649572
236592171
230226988
185424932
202218534
154418225
239688755
200195124
10157110
202046518
233290813
240180286
239688767
216120384
116186175
39033922
240753731
191495238
166509639
95370315
110763090
41622625
199965798
31562856
25943145
8330344
177822827
3619947
197516397
175774831
80829552
184343663
165379186
67271795
209902708
205847669
195935345
65993844
196926584
76807290
55032955
235732093
36322431
9419906
171768966
79207560
106437769
97754248
54246536
169090188
17628297
53345419
179190928
221256851
119430294
155090071
197696664
92986521
240524441
3816604
82115740
188341409
234486945
61897891
68877475
61013156
93330598
12074150
116898979
169090217
97754293
169090232
86269112
193502395
107445436
62389435
226942144
22682821
74243269
146619590
244489418
223657162
229948620
21421258
152067279
101817557
231857365
52149464
46709979
101817563
218217692
24698080
204348641
172866786
71785699
8191204
33660133
246889703
85023976
209689834
64371951
199564531
72367349
175922426
4955387
4652284
166534397
166075646
105397504
31685889
219053312
151928067
68164868
68287749
116489478
211975429
99286276
38362377
115571974
95542539
105676039
163355914
45956358
188562697
182730000
231718154
194018578
199974165
205249814
244866327
9067800
118758683
7486750
154434850
166075683
100908324
237428002
9379106
69172514
40983848
23690536
178782063
69737772
174153005
241286445
120192300
150658350
73080110
64806190
152239411
81657134
66149685
182353198
199163186
241368376
61775163
99376444
21077309
226409787
155360578
23780678
196869447
1703241
241311052
187358541
158186835
224402772
74210645
216513878
67788119
113294680
25107800
158186842
187448669
180682077
43531615
185834847
54631777
50806109
167845223
241311080
242400619
109362541
158186861
40844653
64789872
109362544
63659378
173006192
50077046
103439735
158186873
228842874
158186875
231595388
39869821
33095037
5840254
158186881
190029186
71187842
71187844
200199735
7855494
81968520
150977930
52075916
178773388
244505998
15908242
241458584
173989273
247405976
157457820
2121118
236412325
94608806
118381990
80977320
180600234
158883246
151559598
211344814
174710196
201481657
7486911
215137727
159964609
236166591
6553024
7847362
239582662
78446023
241434061
108510670
157457871
113581521
221494739
180903388
23535069
80977375
230530527
113294817
68271586
193199587
208510435
55762405
246693349
194944482
113311208
183557609
103103977
40443371
246644203
211156456
33177070
6602223
201203189
102907383
63643128
40615418
41262587
1506814
155835907
215858696
48913932
224509457
178667033
227900955
82976286
154320414
8125984
245251617
92978722
93339171
116309540
171408933
175300134
225820199
3448360
12074537
75349544
41008683
66141740
9207340
42868262
44383791
93044273
31063602
203783729
194436662
66240055
23510584
33021494
66035258
169942587
119062076
68345404
154418749
1678911
8158779
23535170
3448387
87080516
7069252
34356804
237272645
237297224
153681484
159874637
170483279
194895441
95354449
19865169
31506004
68795989
184409685
116317780
88038997
156745304
185851482
115998301
186998366
6069855
62242400
46644831
116317797
103751270
184327784
41426537
77389416
239451754
235667052
36740717
153255533
236699245
27598446
247422569
40894058
241311351
99188344
40623735
200875646
112107134
200687234
64781957
11337350
59825799
203595400
35978889
235757189
236560015
200294032
41016976
238853777
183205523
2104981
236560021
240844439
112959125
106249880
235757208
192274070
239517337
27704987
65552030
46071446
15842976
65552036
217923236
62463654
16678564
200687272
19709610
235757228
6069933
62463662
182001327
7446191
103415472
246890158
109739699
64863925
210017977
36650682
14196411
195526331
209878717
16694978
107183812
36650692
26328775
1875655
209157835
216211149
232791762
179388117
237067989
207970005
228671192
170008281
70500056
1875674
237412059
153558748
61243103
179388131
228146916
54861540
200621795
79191783
224304867
40648425
165715690
93380331
75620076
9404136
113286894
186212079
61488880
219709170
188989171
104546037
219709174
207970038
242368250
219987707
204029692
22541076
187064063
54951679
185417476
11730695
93839114
92397329
108224276
235732757
21872404
60702484
93839128
209362713
22961947
17334045
222453533
177463069
6602525
70106909
176643870
82501411
38428452
227188516
105922342
81679793
22961958
165125927
93839137
48856875
89268011
167608109
6192940
93839144
93839145
154394417
22961972
11951927
109354808
21692217
208428857
58720055
236470080
69820224
70033217
203906882
58720067
162512710
150863687
204980038
95166281
201654089
171425609
95166284
156753739
205266766
55410511
51060560
160120656
67157843
153812821
172138326
244703061
200728408
165052249
85892954
5177176
231915356
221052765
179142493
201834327
44564315
221052769
71032676
174841701
38403942
107757412
3456871
110870377
14172012
9715566
104890223
55132016
179617646
58261362
167616367
217923444
221052789
95313775
204365680
95313784
167722867
228851579
5177217
36577154
22716291
169893764
118030212
201473925
19021702
247103370
223076234
223076235
104619914
154596551
160513935
29384592
102891407
247103375
100220819
247103376
247103378
163209110
83050391
83050392
109272983
108167066
56885140
44605340
247103389
28278678
168263576
62414752
83050403
159596453
155795367
181485479
247103399
247103402
161030059
54501288
211009453
180330410
93069233
42131378
111394739
77381560
6184889
220250043
236068797
10624961
225525698
98926530
62275523
31678405
235667398
59137987
111583174
223281095
184516554
187547595
94617551
95215570
191913939
211099606
16007128
155934683
99467227
56885213
206921693
88784863
2531295
171376603
223313888
53313507
211435494
32546791
53960678
41009130
38412270
226344943
146735086
220463093
160874485
236707831
214532089
213041146
208265213
